[[ 0.          0.          0.          0.          0.          0.
   0.          0.        ]
 [-0.72727273  0.          0.          0.          0.          0.
   0.          0.        ]
 [-1.45454545 -0.31168831  0.          0.          0.          0.
   0.          0.        ]
 [-2.18181818 -1.03896104  0.          0.          0.          0.
   0.          0.        ]
 [-2.90909091 -1.76623377 -0.62337662  0.          0.          0.
   0.          0.        ]
 [-3.63636364 -2.49350649 -1.35064935 -0.20779221  0.          0.
   0.          0.        ]
 [-4.36363636 -3.22077922 -2.07792208 -0.93506494  0.          0.
   0.          0.        ]
 [-5.09090909 -3.94805195 -2.80519481 -1.66233766 -0.51948052  0.
   0.          0.        ]
 [-5.81818182 -4.67532468 -3.53246753 -2.38961039 -1.24675325 -0.1038961
   0.          0.        ]
 [-6.54545455 -5.4025974  -4.25974026 -3.11688312 -1.97402597 -0.83116883
   0.          0.        ]
 [-7.27272727 -6.12987013 -4.98701299 -3.84415584 -2.7012987  -1.55844156
  -0.41558442  0.        ]
 [-8.         -6.85714286 -5.71428571 -4.57142857 -3.42857143 -2.28571429
  -1.14285714  0.        ]]