[[ 0.          0.          0.          0.          0.          0.
   0.          0.        ]
 [-0.54545455  0.          0.          0.          0.          0.
   0.          0.        ]
 [-1.09090909 -0.23376623  0.          0.          0.          0.
   0.          0.        ]
 [-1.63636364 -0.77922078  0.          0.          0.          0.
   0.          0.        ]
 [-2.18181818 -1.32467532 -0.46753247  0.          0.          0.
   0.          0.        ]
 [-2.72727273 -1.87012987 -1.01298701 -0.15584416  0.          0.
   0.          0.        ]
 [-3.27272727 -2.41558442 -1.55844156 -0.7012987   0.          0.
   0.          0.        ]
 [-3.81818182 -2.96103896 -2.1038961  -1.24675325 -0.38961039  0.
   0.          0.        ]
 [-4.36363636 -3.50649351 -2.64935065 -1.79220779 -0.93506494 -0.07792208
   0.          0.        ]
 [-4.90909091 -4.05194805 -3.19480519 -2.33766234 -1.48051948 -0.62337662
   0.          0.        ]
 [-5.45454545 -4.5974026  -3.74025974 -2.88311688 -2.02597403 -1.16883117
  -0.31168831  0.        ]
 [-6.         -5.14285714 -4.28571429 -3.42857143 -2.57142857 -1.71428571
  -0.85714286  0.        ]]