[[0.         0.         0.         0.         0.         0.
  0.         0.        ]
 [0.27272727 0.         0.         0.         0.         0.
  0.         0.        ]
 [0.54545455 0.11688312 0.         0.         0.         0.
  0.         0.        ]
 [0.81818182 0.38961039 0.         0.         0.         0.
  0.         0.        ]
 [1.09090909 0.66233766 0.23376623 0.         0.         0.
  0.         0.        ]
 [1.36363636 0.93506494 0.50649351 0.07792208 0.         0.
  0.         0.        ]
 [1.63636364 1.20779221 0.77922078 0.35064935 0.         0.
  0.         0.        ]
 [1.90909091 1.48051948 1.05194805 0.62337662 0.19480519 0.
  0.         0.        ]
 [2.18181818 1.75324675 1.32467532 0.8961039  0.46753247 0.03896104
  0.         0.        ]
 [2.45454545 2.02597403 1.5974026  1.16883117 0.74025974 0.31168831
  0.         0.        ]
 [2.72727273 2.2987013  1.87012987 1.44155844 1.01298701 0.58441558
  0.15584416 0.        ]
 [3.         2.57142857 2.14285714 1.71428571 1.28571429 0.85714286
  0.42857143 0.        ]]