[[0.         0.14285714 0.28571429 0.42857143 0.57142857 0.71428571
  0.85714286 1.        ]
 [0.27272727 0.23376623 0.37662338 0.51948052 0.66233766 0.80519481
  0.94805195 1.09090909]
 [0.54545455 0.4025974  0.46753247 0.61038961 0.75324675 0.8961039
  1.03896104 1.18181818]
 [0.81818182 0.67532468 0.55844156 0.7012987  0.84415584 0.98701299
  1.12987013 1.27272727]
 [1.09090909 0.94805195 0.80519481 0.79220779 0.93506494 1.07792208
  1.22077922 1.36363636]
 [1.36363636 1.22077922 1.07792208 0.93506494 1.02597403 1.16883117
  1.31168831 1.45454545]
 [1.63636364 1.49350649 1.35064935 1.20779221 1.11688312 1.25974026
  1.4025974  1.54545455]
 [1.90909091 1.76623377 1.62337662 1.48051948 1.33766234 1.35064935
  1.49350649 1.63636364]
 [2.18181818 2.03896104 1.8961039  1.75324675 1.61038961 1.46753247
  1.58441558 1.72727273]
 [2.45454545 2.31168831 2.16883117 2.02597403 1.88311688 1.74025974
  1.67532468 1.81818182]
 [2.72727273 2.58441558 2.44155844 2.2987013  2.15584416 2.01298701
  1.87012987 1.90909091]
 [3.         2.85714286 2.71428571 2.57142857 2.42857143 2.28571429
  2.14285714 2.        ]]