[[ 0.          0.          0.          0.          0.          0.
   0.          0.        ]
 [-0.36363636  0.          0.          0.          0.          0.
   0.          0.        ]
 [-0.72727273 -0.23376623  0.          0.          0.          0.
   0.          0.        ]
 [-1.09090909 -0.77922078  0.          0.          0.          0.
   0.          0.        ]
 [-1.45454545 -1.16883117 -0.46753247  0.          0.          0.
   0.          0.        ]
 [-1.81818182 -1.53246753 -1.01298701 -0.15584416  0.          0.
   0.          0.        ]
 [-2.18181818 -1.8961039  -1.55844156 -0.7012987   0.          0.
   0.          0.        ]
 [-2.54545455 -2.25974026 -1.97402597 -1.24675325 -0.38961039  0.
   0.          0.        ]
 [-2.90909091 -2.62337662 -2.33766234 -1.79220779 -0.93506494 -0.07792208
   0.          0.        ]
 [-3.27272727 -2.98701299 -2.7012987  -2.33766234 -1.48051948 -0.62337662
   0.          0.        ]
 [-3.63636364 -3.35064935 -3.06493506 -2.77922078 -2.02597403 -1.16883117
  -0.31168831  0.        ]
 [-4.         -3.71428571 -3.42857143 -3.14285714 -2.57142857 -1.71428571
  -0.85714286  0.        ]]