[[ 0.         -0.14285714 -0.28571429 -0.42857143 -0.57142857 -0.71428571
  -0.85714286 -1.        ]
 [ 0.         -0.23376623 -0.37662338 -0.51948052 -0.66233766 -0.80519481
  -0.94805195 -1.09090909]
 [ 0.         -0.28571429 -0.46753247 -0.61038961 -0.75324675 -0.8961039
  -1.03896104 -1.18181818]
 [ 0.         -0.28571429 -0.55844156 -0.7012987  -0.84415584 -0.98701299
  -1.12987013 -1.27272727]
 [ 0.         -0.28571429 -0.57142857 -0.79220779 -0.93506494 -1.07792208
  -1.22077922 -1.36363636]
 [ 0.         -0.28571429 -0.57142857 -0.85714286 -1.02597403 -1.16883117
  -1.31168831 -1.45454545]
 [ 0.         -0.28571429 -0.57142857 -0.85714286 -1.11688312 -1.25974026
  -1.4025974  -1.54545455]
 [ 0.         -0.28571429 -0.57142857 -0.85714286 -1.14285714 -1.35064935
  -1.49350649 -1.63636364]
 [ 0.         -0.28571429 -0.57142857 -0.85714286 -1.14285714 -1.42857143
  -1.58441558 -1.72727273]
 [ 0.         -0.28571429 -0.57142857 -0.85714286 -1.14285714 -1.42857143
  -1.67532468 -1.81818182]
 [ 0.         -0.28571429 -0.57142857 -0.85714286 -1.14285714 -1.42857143
  -1.71428571 -1.90909091]
 [ 0.         -0.28571429 -0.57142857 -0.85714286 -1.14285714 -1.42857143
  -1.71428571 -2.        ]]