[[ 0.         -0.14285714 -0.28571429 -0.42857143 -0.57142857 -0.71428571
  -0.85714286 -1.        ]
 [-0.36363636 -0.23376623 -0.37662338 -0.51948052 -0.66233766 -0.80519481
  -0.94805195 -1.09090909]
 [-0.72727273 -0.44155844 -0.46753247 -0.61038961 -0.75324675 -0.8961039
  -1.03896104 -1.18181818]
 [-1.09090909 -0.80519481 -0.55844156 -0.7012987  -0.84415584 -0.98701299
  -1.12987013 -1.27272727]
 [-1.45454545 -1.16883117 -0.88311688 -0.79220779 -0.93506494 -1.07792208
  -1.22077922 -1.36363636]
 [-1.81818182 -1.53246753 -1.24675325 -0.96103896 -1.02597403 -1.16883117
  -1.31168831 -1.45454545]
 [-2.18181818 -1.8961039  -1.61038961 -1.32467532 -1.11688312 -1.25974026
  -1.4025974  -1.54545455]
 [-2.54545455 -2.25974026 -1.97402597 -1.68831169 -1.4025974  -1.35064935
  -1.49350649 -1.63636364]
 [-2.90909091 -2.62337662 -2.33766234 -2.05194805 -1.76623377 -1.48051948
  -1.58441558 -1.72727273]
 [-3.27272727 -2.98701299 -2.7012987  -2.41558442 -2.12987013 -1.84415584
  -1.67532468 -1.81818182]
 [-3.63636364 -3.35064935 -3.06493506 -2.77922078 -2.49350649 -2.20779221
  -1.92207792 -1.90909091]
 [-4.         -3.71428571 -3.42857143 -3.14285714 -2.85714286 -2.57142857
  -2.28571429 -2.        ]]