[[ 0.          0.          0.          0.          0.          0.
   0.          0.        ]
 [-0.36363636  0.          0.          0.          0.          0.
   0.          0.        ]
 [-0.72727273  0.          0.          0.          0.          0.
   0.          0.        ]
 [-1.09090909  0.          0.          0.          0.          0.
   0.          0.        ]
 [-1.45454545 -0.31168831  0.          0.          0.          0.
   0.          0.        ]
 [-1.81818182 -0.67532468  0.          0.          0.          0.
   0.          0.        ]
 [-2.18181818 -1.03896104  0.          0.          0.          0.
   0.          0.        ]
 [-2.54545455 -1.4025974  -0.25974026  0.          0.          0.
   0.          0.        ]
 [-2.90909091 -1.76623377 -0.62337662  0.          0.          0.
   0.          0.        ]
 [-3.27272727 -2.12987013 -0.98701299  0.          0.          0.
   0.          0.        ]
 [-3.63636364 -2.49350649 -1.35064935 -0.20779221  0.          0.
   0.          0.        ]
 [-4.         -2.85714286 -1.71428571 -0.57142857  0.          0.
   0.          0.        ]]