[[ 0.         -0.28571429 -0.57142857 -0.85714286 -1.14285714 -1.42857143
  -1.71428571 -2.        ]
 [ 0.         -0.46753247 -0.75324675 -1.03896104 -1.32467532 -1.61038961
  -1.8961039  -2.18181818]
 [ 0.         -0.49350649 -0.93506494 -1.22077922 -1.50649351 -1.79220779
  -2.07792208 -2.36363636]
 [ 0.         -0.31168831 -1.11688312 -1.4025974  -1.68831169 -1.97402597
  -2.25974026 -2.54545455]
 [ 0.         -0.12987013 -0.98701299 -1.58441558 -1.87012987 -2.15584416
  -2.44155844 -2.72727273]
 [ 0.          0.         -0.80519481 -1.66233766 -2.05194805 -2.33766234
  -2.62337662 -2.90909091]
 [ 0.          0.         -0.62337662 -1.48051948 -2.23376623 -2.51948052
  -2.80519481 -3.09090909]
 [ 0.          0.         -0.44155844 -1.2987013  -2.15584416 -2.7012987
  -2.98701299 -3.27272727]
 [ 0.          0.         -0.25974026 -1.11688312 -1.97402597 -2.83116883
  -3.16883117 -3.45454545]
 [ 0.          0.         -0.07792208 -0.93506494 -1.79220779 -2.64935065
  -3.35064935 -3.63636364]
 [ 0.          0.          0.         -0.75324675 -1.61038961 -2.46753247
  -3.32467532 -3.81818182]
 [ 0.          0.          0.         -0.57142857 -1.42857143 -2.28571429
  -3.14285714 -4.        ]]