[[0.         0.         0.         0.         0.         0.
  0.         0.        ]
 [0.18181818 0.         0.         0.         0.         0.
  0.         0.        ]
 [0.36363636 0.15584416 0.         0.         0.         0.
  0.         0.        ]
 [0.54545455 0.51948052 0.         0.         0.         0.
  0.         0.        ]
 [0.72727273 0.72727273 0.31168831 0.         0.         0.
  0.         0.        ]
 [0.90909091 0.90909091 0.67532468 0.1038961  0.         0.
  0.         0.        ]
 [1.09090909 1.09090909 1.03896104 0.46753247 0.         0.
  0.         0.        ]
 [1.27272727 1.27272727 1.27272727 0.83116883 0.25974026 0.
  0.         0.        ]
 [1.45454545 1.45454545 1.45454545 1.19480519 0.62337662 0.05194805
  0.         0.        ]
 [1.63636364 1.63636364 1.63636364 1.55844156 0.98701299 0.41558442
  0.         0.        ]
 [1.81818182 1.81818182 1.81818182 1.81818182 1.35064935 0.77922078
  0.20779221 0.        ]
 [2.         2.         2.         2.         1.71428571 1.14285714
  0.57142857 0.        ]]