[[ 0.         -0.28571429 -0.57142857 -0.85714286 -1.14285714 -1.42857143
  -1.71428571 -2.        ]
 [-0.36363636 -0.1038961  -0.38961039 -0.67532468 -0.96103896 -1.24675325
  -1.53246753 -1.81818182]
 [-0.72727273 -0.15584416 -0.20779221 -0.49350649 -0.77922078 -1.06493506
  -1.35064935 -1.63636364]
 [-1.09090909 -0.51948052 -0.02597403 -0.31168831 -0.5974026  -0.88311688
  -1.16883117 -1.45454545]
 [-1.45454545 -0.88311688 -0.31168831 -0.12987013 -0.41558442 -0.7012987
  -0.98701299 -1.27272727]
 [-1.81818182 -1.24675325 -0.67532468 -0.1038961  -0.23376623 -0.51948052
  -0.80519481 -1.09090909]
 [-2.18181818 -1.61038961 -1.03896104 -0.46753247 -0.05194805 -0.33766234
  -0.62337662 -0.90909091]
 [-2.54545455 -1.97402597 -1.4025974  -0.83116883 -0.25974026 -0.15584416
  -0.44155844 -0.72727273]
 [-2.90909091 -2.33766234 -1.76623377 -1.19480519 -0.62337662 -0.05194805
  -0.25974026 -0.54545455]
 [-3.27272727 -2.7012987  -2.12987013 -1.55844156 -0.98701299 -0.41558442
  -0.07792208 -0.36363636]
 [-3.63636364 -3.06493506 -2.49350649 -1.92207792 -1.35064935 -0.77922078
  -0.20779221 -0.18181818]
 [-4.         -3.42857143 -2.85714286 -2.28571429 -1.71428571 -1.14285714
  -0.57142857  0.        ]]