[[0.         0.         0.         0.         0.         0.
  0.         0.        ]
 [0.18181818 0.         0.         0.         0.         0.
  0.         0.        ]
 [0.36363636 0.07792208 0.         0.         0.         0.
  0.         0.        ]
 [0.54545455 0.25974026 0.         0.         0.         0.
  0.         0.        ]
 [0.72727273 0.44155844 0.15584416 0.         0.         0.
  0.         0.        ]
 [0.90909091 0.62337662 0.33766234 0.05194805 0.         0.
  0.         0.        ]
 [1.09090909 0.80519481 0.51948052 0.23376623 0.         0.
  0.         0.        ]
 [1.27272727 0.98701299 0.7012987  0.41558442 0.12987013 0.
  0.         0.        ]
 [1.45454545 1.16883117 0.88311688 0.5974026  0.31168831 0.02597403
  0.         0.        ]
 [1.63636364 1.35064935 1.06493506 0.77922078 0.49350649 0.20779221
  0.         0.        ]
 [1.81818182 1.53246753 1.24675325 0.96103896 0.67532468 0.38961039
  0.1038961  0.        ]
 [2.         1.71428571 1.42857143 1.14285714 0.85714286 0.57142857
  0.28571429 0.        ]]