[[ 0.         -0.14285714 -0.28571429 -0.42857143 -0.57142857 -0.71428571
  -0.85714286 -1.        ]
 [-0.09090909 -0.05194805 -0.19480519 -0.33766234 -0.48051948 -0.62337662
  -0.76623377 -0.90909091]
 [-0.18181818 -0.03896104 -0.1038961  -0.24675325 -0.38961039 -0.53246753
  -0.67532468 -0.81818182]
 [-0.27272727 -0.12987013 -0.01298701 -0.15584416 -0.2987013  -0.44155844
  -0.58441558 -0.72727273]
 [-0.36363636 -0.22077922 -0.07792208 -0.06493506 -0.20779221 -0.35064935
  -0.49350649 -0.63636364]
 [-0.45454545 -0.31168831 -0.16883117 -0.02597403 -0.11688312 -0.25974026
  -0.4025974  -0.54545455]
 [-0.54545455 -0.4025974  -0.25974026 -0.11688312 -0.02597403 -0.16883117
  -0.31168831 -0.45454545]
 [-0.63636364 -0.49350649 -0.35064935 -0.20779221 -0.06493506 -0.07792208
  -0.22077922 -0.36363636]
 [-0.72727273 -0.58441558 -0.44155844 -0.2987013  -0.15584416 -0.01298701
  -0.12987013 -0.27272727]
 [-0.81818182 -0.67532468 -0.53246753 -0.38961039 -0.24675325 -0.1038961
  -0.03896104 -0.18181818]
 [-0.90909091 -0.76623377 -0.62337662 -0.48051948 -0.33766234 -0.19480519
  -0.05194805 -0.09090909]
 [-1.         -0.85714286 -0.71428571 -0.57142857 -0.42857143 -0.28571429
  -0.14285714  0.        ]]