[[ 0.          0.          0.          0.          0.          0.
   0.          0.        ]
 [-0.09090909  0.          0.          0.          0.          0.
   0.          0.        ]
 [-0.18181818 -0.07792208  0.          0.          0.          0.
   0.          0.        ]
 [-0.27272727 -0.25974026  0.          0.          0.          0.
   0.          0.        ]
 [-0.36363636 -0.44155844 -0.15584416  0.          0.          0.
   0.          0.        ]
 [-0.45454545 -0.5974026  -0.33766234 -0.05194805  0.          0.
   0.          0.        ]
 [-0.54545455 -0.68831169 -0.51948052 -0.23376623  0.          0.
   0.          0.        ]
 [-0.63636364 -0.77922078 -0.7012987  -0.41558442 -0.12987013  0.
   0.          0.        ]
 [-0.72727273 -0.87012987 -0.88311688 -0.5974026  -0.31168831 -0.02597403
   0.          0.        ]
 [-0.81818182 -0.96103896 -1.06493506 -0.77922078 -0.49350649 -0.20779221
   0.          0.        ]
 [-0.90909091 -1.05194805 -1.19480519 -0.96103896 -0.67532468 -0.38961039
  -0.1038961   0.        ]
 [-1.         -1.14285714 -1.28571429 -1.14285714 -0.85714286 -0.57142857
  -0.28571429  0.        ]]