[[ 0.          0.          0.          0.          0.          0.
   0.          0.        ]
 [ 0.          0.          0.          0.          0.          0.
   0.          0.        ]
 [ 0.         -0.07792208  0.          0.          0.          0.
   0.          0.        ]
 [ 0.         -0.25974026  0.          0.          0.          0.
   0.          0.        ]
 [ 0.         -0.28571429 -0.15584416  0.          0.          0.
   0.          0.        ]
 [ 0.         -0.28571429 -0.33766234 -0.05194805  0.          0.
   0.          0.        ]
 [ 0.         -0.28571429 -0.51948052 -0.23376623  0.          0.
   0.          0.        ]
 [ 0.         -0.28571429 -0.57142857 -0.41558442 -0.12987013  0.
   0.          0.        ]
 [ 0.         -0.28571429 -0.57142857 -0.5974026  -0.31168831 -0.02597403
   0.          0.        ]
 [ 0.         -0.28571429 -0.57142857 -0.77922078 -0.49350649 -0.20779221
   0.          0.        ]
 [ 0.         -0.28571429 -0.57142857 -0.85714286 -0.67532468 -0.38961039
  -0.1038961   0.        ]
 [ 0.         -0.28571429 -0.57142857 -0.85714286 -0.85714286 -0.57142857
  -0.28571429  0.        ]]