[[ 0.00000000e+00  0.00000000e+00  0.00000000e+00  0.00000000e+00
   0.00000000e+00  0.00000000e+00  0.00000000e+00  0.00000000e+00]
 [ 0.00000000e+00  0.00000000e+00  0.00000000e+00  0.00000000e+00
   0.00000000e+00  0.00000000e+00  0.00000000e+00  0.00000000e+00]
 [ 0.00000000e+00  0.00000000e+00  0.00000000e+00  0.00000000e+00
   0.00000000e+00  0.00000000e+00  0.00000000e+00  0.00000000e+00]
 [ 0.00000000e+00  0.00000000e+00  0.00000000e+00  0.00000000e+00
   0.00000000e+00  0.00000000e+00  0.00000000e+00  0.00000000e+00]
 [ 0.00000000e+00 -5.55111512e-17  0.00000000e+00  0.00000000e+00
   0.00000000e+00  0.00000000e+00  0.00000000e+00  0.00000000e+00]
 [ 0.00000000e+00  5.55111512e-17  0.00000000e+00 -1.11022302e-16
   0.00000000e+00  0.00000000e+00  0.00000000e+00  0.00000000e+00]
 [ 0.00000000e+00  5.55111512e-17  0.00000000e+00 -1.11022302e-16
   0.00000000e+00  0.00000000e+00  0.00000000e+00  0.00000000e+00]
 [ 0.00000000e+00 -5.55111512e-17  0.00000000e+00  1.11022302e-16
   2.22044605e-16  0.00000000e+00  0.00000000e+00  0.00000000e+00]
 [ 0.00000000e+00  0.00000000e+00 -1.11022302e-16 -1.11022302e-16
   0.00000000e+00  0.00000000e+00  0.00000000e+00  0.00000000e+00]
 [ 0.00000000e+00  0.00000000e+00  0.00000000e+00  1.11022302e-16
  -2.22044605e-16 -2.22044605e-16  0.00000000e+00  0.00000000e+00]
 [ 0.00000000e+00  0.00000000e+00  1.11022302e-16 -1.11022302e-16
   0.00000000e+00  0.00000000e+00 -2.22044605e-16  0.00000000e+00]
 [ 0.00000000e+00  0.00000000e+00  1.11022302e-16  0.00000000e+00
   0.00000000e+00  0.00000000e+00 -2.22044605e-16  0.00000000e+00]]