[[ 0.         -0.14285714 -0.28571429 -0.42857143 -0.57142857 -0.71428571
  -0.85714286 -1.        ]
 [-0.36363636 -0.05194805 -0.19480519 -0.33766234 -0.48051948 -0.62337662
  -0.76623377 -0.90909091]
 [-0.72727273 -0.15584416 -0.1038961  -0.24675325 -0.38961039 -0.53246753
  -0.67532468 -0.81818182]
 [-1.09090909 -0.51948052 -0.01298701 -0.15584416 -0.2987013  -0.44155844
  -0.58441558 -0.72727273]
 [-1.45454545 -0.88311688 -0.31168831 -0.06493506 -0.20779221 -0.35064935
  -0.49350649 -0.63636364]
 [-1.81818182 -1.24675325 -0.67532468 -0.1038961  -0.11688312 -0.25974026
  -0.4025974  -0.54545455]
 [-2.18181818 -1.61038961 -1.03896104 -0.46753247 -0.02597403 -0.16883117
  -0.31168831 -0.45454545]
 [-2.54545455 -1.97402597 -1.4025974  -0.83116883 -0.25974026 -0.07792208
  -0.22077922 -0.36363636]
 [-2.90909091 -2.33766234 -1.76623377 -1.19480519 -0.62337662 -0.05194805
  -0.12987013 -0.27272727]
 [-3.27272727 -2.7012987  -2.12987013 -1.55844156 -0.98701299 -0.41558442
  -0.03896104 -0.18181818]
 [-3.63636364 -3.06493506 -2.49350649 -1.92207792 -1.35064935 -0.77922078
  -0.20779221 -0.09090909]
 [-4.         -3.42857143 -2.85714286 -2.28571429 -1.71428571 -1.14285714
  -0.57142857  0.        ]]