[[0.         0.57142857 1.14285714 1.71428571 2.28571429 2.85714286
  3.42857143 4.        ]
 [0.         0.57142857 1.14285714 1.71428571 2.28571429 2.85714286
  3.42857143 4.        ]
 [0.         0.49350649 1.14285714 1.71428571 2.28571429 2.85714286
  3.42857143 4.        ]
 [0.         0.31168831 1.14285714 1.71428571 2.28571429 2.85714286
  3.42857143 4.        ]
 [0.         0.12987013 0.98701299 1.71428571 2.28571429 2.85714286
  3.42857143 4.        ]
 [0.         0.         0.80519481 1.66233766 2.28571429 2.85714286
  3.42857143 4.        ]
 [0.         0.         0.62337662 1.48051948 2.28571429 2.85714286
  3.42857143 4.        ]
 [0.         0.         0.44155844 1.2987013  2.15584416 2.85714286
  3.42857143 4.        ]
 [0.         0.         0.25974026 1.11688312 1.97402597 2.83116883
  3.42857143 4.        ]
 [0.         0.         0.07792208 0.93506494 1.79220779 2.64935065
  3.42857143 4.        ]
 [0.         0.         0.         0.75324675 1.61038961 2.46753247
  3.32467532 4.        ]
 [0.         0.         0.         0.57142857 1.42857143 2.28571429
  3.14285714 4.        ]]