[[0.         0.57142857 1.14285714 1.71428571 2.28571429 2.85714286
  3.42857143 4.        ]
 [0.54545455 0.93506494 1.50649351 2.07792208 2.64935065 3.22077922
  3.79220779 4.36363636]
 [1.09090909 1.37662338 1.87012987 2.44155844 3.01298701 3.58441558
  4.15584416 4.72727273]
 [1.63636364 1.92207792 2.23376623 2.80519481 3.37662338 3.94805195
  4.51948052 5.09090909]
 [2.18181818 2.46753247 2.75324675 3.16883117 3.74025974 4.31168831
  4.88311688 5.45454545]
 [2.72727273 3.01298701 3.2987013  3.58441558 4.1038961  4.67532468
  5.24675325 5.81818182]
 [3.27272727 3.55844156 3.84415584 4.12987013 4.46753247 5.03896104
  5.61038961 6.18181818]
 [3.81818182 4.1038961  4.38961039 4.67532468 4.96103896 5.4025974
  5.97402597 6.54545455]
 [4.36363636 4.64935065 4.93506494 5.22077922 5.50649351 5.79220779
  6.33766234 6.90909091]
 [4.90909091 5.19480519 5.48051948 5.76623377 6.05194805 6.33766234
  6.7012987  7.27272727]
 [5.45454545 5.74025974 6.02597403 6.31168831 6.5974026  6.88311688
  7.16883117 7.63636364]
 [6.         6.28571429 6.57142857 6.85714286 7.14285714 7.42857143
  7.71428571 8.        ]]