[[ 0.         -0.57142857 -1.14285714 -1.71428571 -2.28571429 -2.85714286
  -3.42857143 -4.        ]
 [ 0.         -0.93506494 -1.50649351 -2.07792208 -2.64935065 -3.22077922
  -3.79220779 -4.36363636]
 [ 0.         -1.14285714 -1.87012987 -2.44155844 -3.01298701 -3.58441558
  -4.15584416 -4.72727273]
 [ 0.         -1.14285714 -2.23376623 -2.80519481 -3.37662338 -3.94805195
  -4.51948052 -5.09090909]
 [ 0.         -1.14285714 -2.28571429 -3.16883117 -3.74025974 -4.31168831
  -4.88311688 -5.45454545]
 [ 0.         -1.14285714 -2.28571429 -3.42857143 -4.1038961  -4.67532468
  -5.24675325 -5.81818182]
 [ 0.         -1.14285714 -2.28571429 -3.42857143 -4.46753247 -5.03896104
  -5.61038961 -6.18181818]
 [ 0.         -1.14285714 -2.28571429 -3.42857143 -4.57142857 -5.4025974
  -5.97402597 -6.54545455]
 [ 0.         -1.14285714 -2.28571429 -3.42857143 -4.57142857 -5.71428571
  -6.33766234 -6.90909091]
 [ 0.         -1.14285714 -2.28571429 -3.42857143 -4.57142857 -5.71428571
  -6.7012987  -7.27272727]
 [ 0.         -1.14285714 -2.28571429 -3.42857143 -4.57142857 -5.71428571
  -6.85714286 -7.63636364]
 [ 0.         -1.14285714 -2.28571429 -3.42857143 -4.57142857 -5.71428571
  -6.85714286 -8.        ]]