[[ 0.         -0.28571429 -0.57142857 -0.85714286 -1.14285714 -1.42857143
  -1.71428571 -2.        ]
 [-0.27272727 -0.28571429 -0.57142857 -0.85714286 -1.14285714 -1.42857143
  -1.71428571 -2.        ]
 [-0.54545455 -0.4025974  -0.57142857 -0.85714286 -1.14285714 -1.42857143
  -1.71428571 -2.        ]
 [-0.81818182 -0.67532468 -0.57142857 -0.85714286 -1.14285714 -1.42857143
  -1.71428571 -2.        ]
 [-1.09090909 -0.94805195 -0.80519481 -0.85714286 -1.14285714 -1.42857143
  -1.71428571 -2.        ]
 [-1.36363636 -1.22077922 -1.07792208 -0.93506494 -1.14285714 -1.42857143
  -1.71428571 -2.        ]
 [-1.63636364 -1.49350649 -1.35064935 -1.20779221 -1.14285714 -1.42857143
  -1.71428571 -2.        ]
 [-1.90909091 -1.76623377 -1.62337662 -1.48051948 -1.33766234 -1.42857143
  -1.71428571 -2.        ]
 [-2.18181818 -2.03896104 -1.8961039  -1.75324675 -1.61038961 -1.46753247
  -1.71428571 -2.        ]
 [-2.45454545 -2.31168831 -2.16883117 -2.02597403 -1.88311688 -1.74025974
  -1.71428571 -2.        ]
 [-2.72727273 -2.58441558 -2.44155844 -2.2987013  -2.15584416 -2.01298701
  -1.87012987 -2.        ]
 [-3.         -2.85714286 -2.71428571 -2.57142857 -2.42857143 -2.28571429
  -2.14285714 -2.        ]]