[[ 0.         -0.57142857 -1.14285714 -1.71428571 -2.28571429 -2.85714286
  -3.42857143 -4.        ]
 [-0.27272727 -0.57142857 -1.14285714 -1.71428571 -2.28571429 -2.85714286
  -3.42857143 -4.        ]
 [-0.54545455 -0.64935065 -1.14285714 -1.71428571 -2.28571429 -2.85714286
  -3.42857143 -4.        ]
 [-0.81818182 -0.83116883 -1.14285714 -1.71428571 -2.28571429 -2.85714286
  -3.42857143 -4.        ]
 [-1.09090909 -1.01298701 -1.2987013  -1.71428571 -2.28571429 -2.85714286
  -3.42857143 -4.        ]
 [-1.36363636 -1.22077922 -1.48051948 -1.76623377 -2.28571429 -2.85714286
  -3.42857143 -4.        ]
 [-1.63636364 -1.49350649 -1.66233766 -1.94805195 -2.28571429 -2.85714286
  -3.42857143 -4.        ]
 [-1.90909091 -1.76623377 -1.84415584 -2.12987013 -2.41558442 -2.85714286
  -3.42857143 -4.        ]
 [-2.18181818 -2.03896104 -2.02597403 -2.31168831 -2.5974026  -2.88311688
  -3.42857143 -4.        ]
 [-2.45454545 -2.31168831 -2.20779221 -2.49350649 -2.77922078 -3.06493506
  -3.42857143 -4.        ]
 [-2.72727273 -2.58441558 -2.44155844 -2.67532468 -2.96103896 -3.24675325
  -3.53246753 -4.        ]
 [-3.         -2.85714286 -2.71428571 -2.85714286 -3.14285714 -3.42857143
  -3.71428571 -4.        ]]