[[ 0.          0.          0.          0.          0.          0.
   0.          0.        ]
 [-0.18181818  0.          0.          0.          0.          0.
   0.          0.        ]
 [-0.36363636  0.          0.          0.          0.          0.
   0.          0.        ]
 [-0.54545455  0.          0.          0.          0.          0.
   0.          0.        ]
 [-0.72727273  0.          0.          0.          0.          0.
   0.          0.        ]
 [-0.90909091 -0.05194805  0.          0.          0.          0.
   0.          0.        ]
 [-1.09090909 -0.23376623  0.          0.          0.          0.
   0.          0.        ]
 [-1.27272727 -0.41558442  0.          0.          0.          0.
   0.          0.        ]
 [-1.45454545 -0.5974026   0.          0.          0.          0.
   0.          0.        ]
 [-1.63636364 -0.77922078  0.          0.          0.          0.
   0.          0.        ]
 [-1.81818182 -0.96103896 -0.1038961   0.          0.          0.
   0.          0.        ]
 [-2.         -1.14285714 -0.28571429  0.          0.          0.
   0.          0.        ]]