[[ 0.         -0.28571429 -0.57142857 -0.85714286 -1.14285714 -1.42857143
  -1.71428571 -2.        ]
 [-0.18181818 -0.28571429 -0.57142857 -0.85714286 -1.14285714 -1.42857143
  -1.71428571 -2.        ]
 [-0.36363636 -0.32467532 -0.57142857 -0.85714286 -1.14285714 -1.42857143
  -1.71428571 -2.        ]
 [-0.54545455 -0.41558442 -0.57142857 -0.85714286 -1.14285714 -1.42857143
  -1.71428571 -2.        ]
 [-0.72727273 -0.50649351 -0.64935065 -0.85714286 -1.14285714 -1.42857143
  -1.71428571 -2.        ]
 [-0.90909091 -0.62337662 -0.74025974 -0.88311688 -1.14285714 -1.42857143
  -1.71428571 -2.        ]
 [-1.09090909 -0.80519481 -0.83116883 -0.97402597 -1.14285714 -1.42857143
  -1.71428571 -2.        ]
 [-1.27272727 -0.98701299 -0.92207792 -1.06493506 -1.20779221 -1.42857143
  -1.71428571 -2.        ]
 [-1.45454545 -1.16883117 -1.01298701 -1.15584416 -1.2987013  -1.44155844
  -1.71428571 -2.        ]
 [-1.63636364 -1.35064935 -1.1038961  -1.24675325 -1.38961039 -1.53246753
  -1.71428571 -2.        ]
 [-1.81818182 -1.53246753 -1.24675325 -1.33766234 -1.48051948 -1.62337662
  -1.76623377 -2.        ]
 [-2.         -1.71428571 -1.42857143 -1.42857143 -1.57142857 -1.71428571
  -1.85714286 -2.        ]]