[[0.         0.57142857 1.14285714 1.71428571 2.28571429 2.85714286
  3.42857143 4.        ]
 [0.09090909 0.20779221 0.77922078 1.35064935 1.92207792 2.49350649
  3.06493506 3.63636364]
 [0.18181818 0.03896104 0.41558442 0.98701299 1.55844156 2.12987013
  2.7012987  3.27272727]
 [0.27272727 0.12987013 0.05194805 0.62337662 1.19480519 1.76623377
  2.33766234 2.90909091]
 [0.36363636 0.22077922 0.07792208 0.25974026 0.83116883 1.4025974
  1.97402597 2.54545455]
 [0.45454545 0.31168831 0.16883117 0.02597403 0.46753247 1.03896104
  1.61038961 2.18181818]
 [0.54545455 0.4025974  0.25974026 0.11688312 0.1038961  0.67532468
  1.24675325 1.81818182]
 [0.63636364 0.49350649 0.35064935 0.20779221 0.06493506 0.31168831
  0.88311688 1.45454545]
 [0.72727273 0.58441558 0.44155844 0.2987013  0.15584416 0.01298701
  0.51948052 1.09090909]
 [0.81818182 0.67532468 0.53246753 0.38961039 0.24675325 0.1038961
  0.15584416 0.72727273]
 [0.90909091 0.76623377 0.62337662 0.48051948 0.33766234 0.19480519
  0.05194805 0.36363636]
 [1.         0.85714286 0.71428571 0.57142857 0.42857143 0.28571429
  0.14285714 0.        ]]