[[0.         0.         0.         0.         0.         0.
  0.         0.        ]
 [0.36363636 0.36363636 0.36363636 0.36363636 0.36363636 0.36363636
  0.36363636 0.36363636]
 [0.72727273 0.72727273 0.72727273 0.72727273 0.72727273 0.72727273
  0.72727273 0.72727273]
 [1.09090909 1.09090909 1.09090909 1.09090909 1.09090909 1.09090909
  1.09090909 1.09090909]
 [1.45454545 1.45454545 1.45454545 1.45454545 1.45454545 1.45454545
  1.45454545 1.45454545]
 [1.81818182 1.81818182 1.81818182 1.81818182 1.81818182 1.81818182
  1.81818182 1.81818182]
 [2.18181818 2.18181818 2.18181818 2.18181818 2.18181818 2.18181818
  2.18181818 2.18181818]
 [2.54545455 2.54545455 2.54545455 2.54545455 2.54545455 2.54545455
  2.54545455 2.54545455]
 [2.90909091 2.90909091 2.90909091 2.90909091 2.90909091 2.90909091
  2.90909091 2.90909091]
 [3.27272727 3.27272727 3.27272727 3.27272727 3.27272727 3.27272727
  3.27272727 3.27272727]
 [3.63636364 3.63636364 3.63636364 3.63636364 3.63636364 3.63636364
  3.63636364 3.63636364]
 [4.         4.         4.         4.         4.         4.
  4.         4.        ]]