[[0.         0.         0.         0.         0.         0.
  0.         0.        ]
 [0.18181818 0.         0.         0.         0.         0.
  0.         0.        ]
 [0.36363636 0.         0.         0.         0.         0.
  0.         0.        ]
 [0.54545455 0.         0.         0.         0.         0.
  0.         0.        ]
 [0.72727273 0.15584416 0.         0.         0.         0.
  0.         0.        ]
 [0.90909091 0.33766234 0.         0.         0.         0.
  0.         0.        ]
 [1.09090909 0.51948052 0.         0.         0.         0.
  0.         0.        ]
 [1.27272727 0.7012987  0.12987013 0.         0.         0.
  0.         0.        ]
 [1.45454545 0.88311688 0.31168831 0.         0.         0.
  0.         0.        ]
 [1.63636364 1.06493506 0.49350649 0.         0.         0.
  0.         0.        ]
 [1.81818182 1.24675325 0.67532468 0.1038961  0.         0.
  0.         0.        ]
 [2.         1.42857143 0.85714286 0.28571429 0.         0.
  0.         0.        ]]