[[0.         0.28571429 0.57142857 0.85714286 1.14285714 1.42857143
  1.71428571 2.        ]
 [0.36363636 0.46753247 0.75324675 1.03896104 1.32467532 1.61038961
  1.8961039  2.18181818]
 [0.72727273 0.64935065 0.93506494 1.22077922 1.50649351 1.79220779
  2.07792208 2.36363636]
 [1.09090909 0.83116883 1.11688312 1.4025974  1.68831169 1.97402597
  2.25974026 2.54545455]
 [1.45454545 1.16883117 1.2987013  1.58441558 1.87012987 2.15584416
  2.44155844 2.72727273]
 [1.81818182 1.53246753 1.48051948 1.76623377 2.05194805 2.33766234
  2.62337662 2.90909091]
 [2.18181818 1.8961039  1.66233766 1.94805195 2.23376623 2.51948052
  2.80519481 3.09090909]
 [2.54545455 2.25974026 1.97402597 2.12987013 2.41558442 2.7012987
  2.98701299 3.27272727]
 [2.90909091 2.62337662 2.33766234 2.31168831 2.5974026  2.88311688
  3.16883117 3.45454545]
 [3.27272727 2.98701299 2.7012987  2.49350649 2.77922078 3.06493506
  3.35064935 3.63636364]
 [3.63636364 3.35064935 3.06493506 2.77922078 2.96103896 3.24675325
  3.53246753 3.81818182]
 [4.         3.71428571 3.42857143 3.14285714 3.14285714 3.42857143
  3.71428571 4.        ]]