[[ 0.         -0.28571429 -0.57142857 -0.85714286 -1.14285714 -1.42857143
  -1.71428571 -2.        ]
 [-0.09090909 -0.46753247 -0.75324675 -1.03896104 -1.32467532 -1.61038961
  -1.8961039  -2.18181818]
 [-0.18181818 -0.57142857 -0.93506494 -1.22077922 -1.50649351 -1.79220779
  -2.07792208 -2.36363636]
 [-0.27272727 -0.57142857 -1.11688312 -1.4025974  -1.68831169 -1.97402597
  -2.25974026 -2.54545455]
 [-0.36363636 -0.57142857 -1.14285714 -1.58441558 -1.87012987 -2.15584416
  -2.44155844 -2.72727273]
 [-0.45454545 -0.5974026  -1.14285714 -1.71428571 -2.05194805 -2.33766234
  -2.62337662 -2.90909091]
 [-0.54545455 -0.68831169 -1.14285714 -1.71428571 -2.23376623 -2.51948052
  -2.80519481 -3.09090909]
 [-0.63636364 -0.77922078 -1.14285714 -1.71428571 -2.28571429 -2.7012987
  -2.98701299 -3.27272727]
 [-0.72727273 -0.87012987 -1.14285714 -1.71428571 -2.28571429 -2.85714286
  -3.16883117 -3.45454545]
 [-0.81818182 -0.96103896 -1.14285714 -1.71428571 -2.28571429 -2.85714286
  -3.35064935 -3.63636364]
 [-0.90909091 -1.05194805 -1.19480519 -1.71428571 -2.28571429 -2.85714286
  -3.42857143 -3.81818182]
 [-1.         -1.14285714 -1.28571429 -1.71428571 -2.28571429 -2.85714286
  -3.42857143 -4.        ]]