[[ 0.         -0.57142857 -1.14285714 -1.71428571 -2.28571429 -2.85714286
  -3.42857143 -4.        ]
 [-0.54545455 -0.57142857 -1.14285714 -1.71428571 -2.28571429 -2.85714286
  -3.42857143 -4.        ]
 [-1.09090909 -0.80519481 -1.14285714 -1.71428571 -2.28571429 -2.85714286
  -3.42857143 -4.        ]
 [-1.63636364 -1.35064935 -1.14285714 -1.71428571 -2.28571429 -2.85714286
  -3.42857143 -4.        ]
 [-2.18181818 -1.8961039  -1.61038961 -1.71428571 -2.28571429 -2.85714286
  -3.42857143 -4.        ]
 [-2.72727273 -2.44155844 -2.15584416 -1.87012987 -2.28571429 -2.85714286
  -3.42857143 -4.        ]
 [-3.27272727 -2.98701299 -2.7012987  -2.41558442 -2.28571429 -2.85714286
  -3.42857143 -4.        ]
 [-3.81818182 -3.53246753 -3.24675325 -2.96103896 -2.67532468 -2.85714286
  -3.42857143 -4.        ]
 [-4.36363636 -4.07792208 -3.79220779 -3.50649351 -3.22077922 -2.93506494
  -3.42857143 -4.        ]
 [-4.90909091 -4.62337662 -4.33766234 -4.05194805 -3.76623377 -3.48051948
  -3.42857143 -4.        ]
 [-5.45454545 -5.16883117 -4.88311688 -4.5974026  -4.31168831 -4.02597403
  -3.74025974 -4.        ]
 [-6.         -5.71428571 -5.42857143 -5.14285714 -4.85714286 -4.57142857
  -4.28571429 -4.        ]]