[[ 0.          0.          0.          0.          0.          0.
   0.          0.        ]
 [ 0.         -0.18181818 -0.18181818 -0.18181818 -0.18181818 -0.18181818
  -0.18181818 -0.18181818]
 [ 0.         -0.28571429 -0.36363636 -0.36363636 -0.36363636 -0.36363636
  -0.36363636 -0.36363636]
 [ 0.         -0.28571429 -0.54545455 -0.54545455 -0.54545455 -0.54545455
  -0.54545455 -0.54545455]
 [ 0.         -0.28571429 -0.57142857 -0.72727273 -0.72727273 -0.72727273
  -0.72727273 -0.72727273]
 [ 0.         -0.28571429 -0.57142857 -0.85714286 -0.90909091 -0.90909091
  -0.90909091 -0.90909091]
 [ 0.         -0.28571429 -0.57142857 -0.85714286 -1.09090909 -1.09090909
  -1.09090909 -1.09090909]
 [ 0.         -0.28571429 -0.57142857 -0.85714286 -1.14285714 -1.27272727
  -1.27272727 -1.27272727]
 [ 0.         -0.28571429 -0.57142857 -0.85714286 -1.14285714 -1.42857143
  -1.45454545 -1.45454545]
 [ 0.         -0.28571429 -0.57142857 -0.85714286 -1.14285714 -1.42857143
  -1.63636364 -1.63636364]
 [ 0.         -0.28571429 -0.57142857 -0.85714286 -1.14285714 -1.42857143
  -1.71428571 -1.81818182]
 [ 0.         -0.28571429 -0.57142857 -0.85714286 -1.14285714 -1.42857143
  -1.71428571 -2.        ]]