[[0.         0.28571429 0.57142857 0.85714286 1.14285714 1.42857143
  1.71428571 2.        ]
 [0.54545455 0.46753247 0.75324675 1.03896104 1.32467532 1.61038961
  1.8961039  2.18181818]
 [1.09090909 0.80519481 0.93506494 1.22077922 1.50649351 1.79220779
  2.07792208 2.36363636]
 [1.63636364 1.35064935 1.11688312 1.4025974  1.68831169 1.97402597
  2.25974026 2.54545455]
 [2.18181818 1.8961039  1.61038961 1.58441558 1.87012987 2.15584416
  2.44155844 2.72727273]
 [2.72727273 2.44155844 2.15584416 1.87012987 2.05194805 2.33766234
  2.62337662 2.90909091]
 [3.27272727 2.98701299 2.7012987  2.41558442 2.23376623 2.51948052
  2.80519481 3.09090909]
 [3.81818182 3.53246753 3.24675325 2.96103896 2.67532468 2.7012987
  2.98701299 3.27272727]
 [4.36363636 4.07792208 3.79220779 3.50649351 3.22077922 2.93506494
  3.16883117 3.45454545]
 [4.90909091 4.62337662 4.33766234 4.05194805 3.76623377 3.48051948
  3.35064935 3.63636364]
 [5.45454545 5.16883117 4.88311688 4.5974026  4.31168831 4.02597403
  3.74025974 3.81818182]
 [6.         5.71428571 5.42857143 5.14285714 4.85714286 4.57142857
  4.28571429 4.        ]]