[[ 0.         -0.28571429 -0.57142857 -0.85714286 -1.14285714 -1.42857143
  -1.71428571 -2.        ]
 [ 0.         -0.28571429 -0.57142857 -0.85714286 -1.14285714 -1.42857143
  -1.71428571 -2.        ]
 [ 0.         -0.24675325 -0.57142857 -0.85714286 -1.14285714 -1.42857143
  -1.71428571 -2.        ]
 [ 0.         -0.15584416 -0.57142857 -0.85714286 -1.14285714 -1.42857143
  -1.71428571 -2.        ]
 [ 0.         -0.06493506 -0.49350649 -0.85714286 -1.14285714 -1.42857143
  -1.71428571 -2.        ]
 [ 0.          0.         -0.4025974  -0.83116883 -1.14285714 -1.42857143
  -1.71428571 -2.        ]
 [ 0.          0.         -0.31168831 -0.74025974 -1.14285714 -1.42857143
  -1.71428571 -2.        ]
 [ 0.          0.         -0.22077922 -0.64935065 -1.07792208 -1.42857143
  -1.71428571 -2.        ]
 [ 0.          0.         -0.12987013 -0.55844156 -0.98701299 -1.41558442
  -1.71428571 -2.        ]
 [ 0.          0.         -0.03896104 -0.46753247 -0.8961039  -1.32467532
  -1.71428571 -2.        ]
 [ 0.          0.          0.         -0.37662338 -0.80519481 -1.23376623
  -1.66233766 -2.        ]
 [ 0.          0.          0.         -0.28571429 -0.71428571 -1.14285714
  -1.57142857 -2.        ]]