[[0.         0.         0.         0.         0.         0.
  0.         0.        ]
 [0.36363636 0.18181818 0.18181818 0.18181818 0.18181818 0.18181818
  0.18181818 0.18181818]
 [0.72727273 0.4025974  0.36363636 0.36363636 0.36363636 0.36363636
  0.36363636 0.36363636]
 [1.09090909 0.67532468 0.54545455 0.54545455 0.54545455 0.54545455
  0.54545455 0.54545455]
 [1.45454545 0.94805195 0.80519481 0.72727273 0.72727273 0.72727273
  0.72727273 0.72727273]
 [1.81818182 1.24675325 1.07792208 0.93506494 0.90909091 0.90909091
  0.90909091 0.90909091]
 [2.18181818 1.61038961 1.35064935 1.20779221 1.09090909 1.09090909
  1.09090909 1.09090909]
 [2.54545455 1.97402597 1.62337662 1.48051948 1.33766234 1.27272727
  1.27272727 1.27272727]
 [2.90909091 2.33766234 1.8961039  1.75324675 1.61038961 1.46753247
  1.45454545 1.45454545]
 [3.27272727 2.7012987  2.16883117 2.02597403 1.88311688 1.74025974
  1.63636364 1.63636364]
 [3.63636364 3.06493506 2.49350649 2.2987013  2.15584416 2.01298701
  1.87012987 1.81818182]
 [4.         3.42857143 2.85714286 2.57142857 2.42857143 2.28571429
  2.14285714 2.        ]]