[[0.         0.         0.         0.         0.         0.
  0.         0.        ]
 [0.09090909 0.         0.         0.         0.         0.
  0.         0.        ]
 [0.18181818 0.         0.         0.         0.         0.
  0.         0.        ]
 [0.27272727 0.         0.         0.         0.         0.
  0.         0.        ]
 [0.36363636 0.         0.         0.         0.         0.
  0.         0.        ]
 [0.45454545 0.02597403 0.         0.         0.         0.
  0.         0.        ]
 [0.54545455 0.11688312 0.         0.         0.         0.
  0.         0.        ]
 [0.63636364 0.20779221 0.         0.         0.         0.
  0.         0.        ]
 [0.72727273 0.2987013  0.         0.         0.         0.
  0.         0.        ]
 [0.81818182 0.38961039 0.         0.         0.         0.
  0.         0.        ]
 [0.90909091 0.48051948 0.05194805 0.         0.         0.
  0.         0.        ]
 [1.         0.57142857 0.14285714 0.         0.         0.
  0.         0.        ]]