[[ 0.         -0.57142857 -1.14285714 -1.71428571 -2.28571429 -2.85714286
  -3.42857143 -4.        ]
 [-0.72727273 -0.93506494 -1.50649351 -2.07792208 -2.64935065 -3.22077922
  -3.79220779 -4.36363636]
 [-1.45454545 -1.45454545 -1.87012987 -2.44155844 -3.01298701 -3.58441558
  -4.15584416 -4.72727273]
 [-2.18181818 -2.18181818 -2.23376623 -2.80519481 -3.37662338 -3.94805195
  -4.51948052 -5.09090909]
 [-2.90909091 -2.90909091 -2.90909091 -3.16883117 -3.74025974 -4.31168831
  -4.88311688 -5.45454545]
 [-3.63636364 -3.63636364 -3.63636364 -3.63636364 -4.1038961  -4.67532468
  -5.24675325 -5.81818182]
 [-4.36363636 -4.36363636 -4.36363636 -4.36363636 -4.46753247 -5.03896104
  -5.61038961 -6.18181818]
 [-5.09090909 -5.09090909 -5.09090909 -5.09090909 -5.09090909 -5.4025974
  -5.97402597 -6.54545455]
 [-5.81818182 -5.81818182 -5.81818182 -5.81818182 -5.81818182 -5.81818182
  -6.33766234 -6.90909091]
 [-6.54545455 -6.54545455 -6.54545455 -6.54545455 -6.54545455 -6.54545455
  -6.7012987  -7.27272727]
 [-7.27272727 -7.27272727 -7.27272727 -7.27272727 -7.27272727 -7.27272727
  -7.27272727 -7.63636364]
 [-8.         -8.         -8.         -8.         -8.         -8.
  -8.         -8.        ]]