[[ 0.         -0.28571429 -0.57142857 -0.85714286 -1.14285714 -1.42857143
  -1.71428571 -2.        ]
 [ 0.         -0.28571429 -0.57142857 -0.85714286 -1.14285714 -1.42857143
  -1.71428571 -2.        ]
 [ 0.         -0.28571429 -0.57142857 -0.85714286 -1.14285714 -1.42857143
  -1.71428571 -2.        ]
 [ 0.         -0.28571429 -0.57142857 -0.85714286 -1.14285714 -1.42857143
  -1.71428571 -2.        ]
 [ 0.         -0.28571429 -0.57142857 -0.85714286 -1.14285714 -1.42857143
  -1.71428571 -2.        ]
 [ 0.         -0.28571429 -0.57142857 -0.85714286 -1.14285714 -1.42857143
  -1.71428571 -2.        ]
 [ 0.         -0.28571429 -0.57142857 -0.85714286 -1.14285714 -1.42857143
  -1.71428571 -2.        ]
 [ 0.         -0.28571429 -0.57142857 -0.85714286 -1.14285714 -1.42857143
  -1.71428571 -2.        ]
 [ 0.         -0.28571429 -0.57142857 -0.85714286 -1.14285714 -1.42857143
  -1.71428571 -2.        ]
 [ 0.         -0.28571429 -0.57142857 -0.85714286 -1.14285714 -1.42857143
  -1.71428571 -2.        ]
 [ 0.         -0.28571429 -0.57142857 -0.85714286 -1.14285714 -1.42857143
  -1.71428571 -2.        ]
 [ 0.         -0.28571429 -0.57142857 -0.85714286 -1.14285714 -1.42857143
  -1.71428571 -2.        ]]