[[ 0.          0.          0.          0.          0.          0.
   0.          0.        ]
 [-0.18181818 -0.18181818 -0.18181818 -0.18181818 -0.18181818 -0.18181818
  -0.18181818 -0.18181818]
 [-0.36363636 -0.36363636 -0.36363636 -0.36363636 -0.36363636 -0.36363636
  -0.36363636 -0.36363636]
 [-0.54545455 -0.54545455 -0.54545455 -0.54545455 -0.54545455 -0.54545455
  -0.54545455 -0.54545455]
 [-0.72727273 -0.72727273 -0.72727273 -0.72727273 -0.72727273 -0.72727273
  -0.72727273 -0.72727273]
 [-0.90909091 -0.90909091 -0.90909091 -0.90909091 -0.90909091 -0.90909091
  -0.90909091 -0.90909091]
 [-1.09090909 -1.09090909 -1.09090909 -1.09090909 -1.09090909 -1.09090909
  -1.09090909 -1.09090909]
 [-1.27272727 -1.27272727 -1.27272727 -1.27272727 -1.27272727 -1.27272727
  -1.27272727 -1.27272727]
 [-1.45454545 -1.45454545 -1.45454545 -1.45454545 -1.45454545 -1.45454545
  -1.45454545 -1.45454545]
 [-1.63636364 -1.63636364 -1.63636364 -1.63636364 -1.63636364 -1.63636364
  -1.63636364 -1.63636364]
 [-1.81818182 -1.81818182 -1.81818182 -1.81818182 -1.81818182 -1.81818182
  -1.81818182 -1.81818182]
 [-2.         -2.         -2.         -2.         -2.         -2.
  -2.         -2.        ]]