[[0.         0.28571429 0.57142857 0.85714286 1.14285714 1.42857143
  1.71428571 2.        ]
 [0.27272727 0.1038961  0.38961039 0.67532468 0.96103896 1.24675325
  1.53246753 1.81818182]
 [0.54545455 0.15584416 0.20779221 0.49350649 0.77922078 1.06493506
  1.35064935 1.63636364]
 [0.81818182 0.51948052 0.02597403 0.31168831 0.5974026  0.88311688
  1.16883117 1.45454545]
 [1.09090909 0.88311688 0.31168831 0.12987013 0.41558442 0.7012987
  0.98701299 1.27272727]
 [1.36363636 1.22077922 0.67532468 0.1038961  0.23376623 0.51948052
  0.80519481 1.09090909]
 [1.63636364 1.49350649 1.03896104 0.46753247 0.05194805 0.33766234
  0.62337662 0.90909091]
 [1.90909091 1.76623377 1.4025974  0.83116883 0.25974026 0.15584416
  0.44155844 0.72727273]
 [2.18181818 2.03896104 1.76623377 1.19480519 0.62337662 0.05194805
  0.25974026 0.54545455]
 [2.45454545 2.31168831 2.12987013 1.55844156 0.98701299 0.41558442
  0.07792208 0.36363636]
 [2.72727273 2.58441558 2.44155844 1.92207792 1.35064935 0.77922078
  0.20779221 0.18181818]
 [3.         2.85714286 2.71428571 2.28571429 1.71428571 1.14285714
  0.57142857 0.        ]]