[[0.         0.28571429 0.57142857 0.85714286 1.14285714 1.42857143
  1.71428571 2.        ]
 [0.27272727 0.46753247 0.75324675 1.03896104 1.32467532 1.61038961
  1.8961039  2.18181818]
 [0.54545455 0.68831169 0.93506494 1.22077922 1.50649351 1.79220779
  2.07792208 2.36363636]
 [0.81818182 0.96103896 1.11688312 1.4025974  1.68831169 1.97402597
  2.25974026 2.54545455]
 [1.09090909 1.23376623 1.37662338 1.58441558 1.87012987 2.15584416
  2.44155844 2.72727273]
 [1.36363636 1.50649351 1.64935065 1.79220779 2.05194805 2.33766234
  2.62337662 2.90909091]
 [1.63636364 1.77922078 1.92207792 2.06493506 2.23376623 2.51948052
  2.80519481 3.09090909]
 [1.90909091 2.05194805 2.19480519 2.33766234 2.48051948 2.7012987
  2.98701299 3.27272727]
 [2.18181818 2.32467532 2.46753247 2.61038961 2.75324675 2.8961039
  3.16883117 3.45454545]
 [2.45454545 2.5974026  2.74025974 2.88311688 3.02597403 3.16883117
  3.35064935 3.63636364]
 [2.72727273 2.87012987 3.01298701 3.15584416 3.2987013  3.44155844
  3.58441558 3.81818182]
 [3.         3.14285714 3.28571429 3.42857143 3.57142857 3.71428571
  3.85714286 4.        ]]