[[ 0.         -0.57142857 -1.14285714 -1.71428571 -2.28571429 -2.85714286
  -3.42857143 -4.        ]
 [-0.36363636 -0.20779221 -0.77922078 -1.35064935 -1.92207792 -2.49350649
  -3.06493506 -3.63636364]
 [-0.72727273 -0.15584416 -0.41558442 -0.98701299 -1.55844156 -2.12987013
  -2.7012987  -3.27272727]
 [-1.09090909 -0.51948052 -0.05194805 -0.62337662 -1.19480519 -1.76623377
  -2.33766234 -2.90909091]
 [-1.45454545 -0.88311688 -0.31168831 -0.25974026 -0.83116883 -1.4025974
  -1.97402597 -2.54545455]
 [-1.81818182 -1.24675325 -0.67532468 -0.1038961  -0.46753247 -1.03896104
  -1.61038961 -2.18181818]
 [-2.18181818 -1.61038961 -1.03896104 -0.46753247 -0.1038961  -0.67532468
  -1.24675325 -1.81818182]
 [-2.54545455 -1.97402597 -1.4025974  -0.83116883 -0.25974026 -0.31168831
  -0.88311688 -1.45454545]
 [-2.90909091 -2.33766234 -1.76623377 -1.19480519 -0.62337662 -0.05194805
  -0.51948052 -1.09090909]
 [-3.27272727 -2.7012987  -2.12987013 -1.55844156 -0.98701299 -0.41558442
  -0.15584416 -0.72727273]
 [-3.63636364 -3.06493506 -2.49350649 -1.92207792 -1.35064935 -0.77922078
  -0.20779221 -0.36363636]
 [-4.         -3.42857143 -2.85714286 -2.28571429 -1.71428571 -1.14285714
  -0.57142857  0.        ]]