[[ 0.         -0.28571429 -0.57142857 -0.85714286 -1.14285714 -1.42857143
  -1.71428571 -2.        ]
 [-0.09090909 -0.28571429 -0.57142857 -0.85714286 -1.14285714 -1.42857143
  -1.71428571 -2.        ]
 [-0.18181818 -0.32467532 -0.57142857 -0.85714286 -1.14285714 -1.42857143
  -1.71428571 -2.        ]
 [-0.27272727 -0.41558442 -0.57142857 -0.85714286 -1.14285714 -1.42857143
  -1.71428571 -2.        ]
 [-0.36363636 -0.50649351 -0.64935065 -0.85714286 -1.14285714 -1.42857143
  -1.71428571 -2.        ]
 [-0.45454545 -0.5974026  -0.74025974 -0.88311688 -1.14285714 -1.42857143
  -1.71428571 -2.        ]
 [-0.54545455 -0.68831169 -0.83116883 -0.97402597 -1.14285714 -1.42857143
  -1.71428571 -2.        ]
 [-0.63636364 -0.77922078 -0.92207792 -1.06493506 -1.20779221 -1.42857143
  -1.71428571 -2.        ]
 [-0.72727273 -0.87012987 -1.01298701 -1.15584416 -1.2987013  -1.44155844
  -1.71428571 -2.        ]
 [-0.81818182 -0.96103896 -1.1038961  -1.24675325 -1.38961039 -1.53246753
  -1.71428571 -2.        ]
 [-0.90909091 -1.05194805 -1.19480519 -1.33766234 -1.48051948 -1.62337662
  -1.76623377 -2.        ]
 [-1.         -1.14285714 -1.28571429 -1.42857143 -1.57142857 -1.71428571
  -1.85714286 -2.        ]]