[[ 0.          0.          0.          0.          0.          0.
   0.          0.        ]
 [-0.27272727 -0.36363636 -0.36363636 -0.36363636 -0.36363636 -0.36363636
  -0.36363636 -0.36363636]
 [-0.54545455 -0.64935065 -0.72727273 -0.72727273 -0.72727273 -0.72727273
  -0.72727273 -0.72727273]
 [-0.81818182 -0.83116883 -1.09090909 -1.09090909 -1.09090909 -1.09090909
  -1.09090909 -1.09090909]
 [-1.09090909 -1.01298701 -1.2987013  -1.45454545 -1.45454545 -1.45454545
  -1.45454545 -1.45454545]
 [-1.36363636 -1.22077922 -1.48051948 -1.76623377 -1.81818182 -1.81818182
  -1.81818182 -1.81818182]
 [-1.63636364 -1.49350649 -1.66233766 -1.94805195 -2.18181818 -2.18181818
  -2.18181818 -2.18181818]
 [-1.90909091 -1.76623377 -1.84415584 -2.12987013 -2.41558442 -2.54545455
  -2.54545455 -2.54545455]
 [-2.18181818 -2.03896104 -2.02597403 -2.31168831 -2.5974026  -2.88311688
  -2.90909091 -2.90909091]
 [-2.45454545 -2.31168831 -2.20779221 -2.49350649 -2.77922078 -3.06493506
  -3.27272727 -3.27272727]
 [-2.72727273 -2.58441558 -2.44155844 -2.67532468 -2.96103896 -3.24675325
  -3.53246753 -3.63636364]
 [-3.         -2.85714286 -2.71428571 -2.85714286 -3.14285714 -3.42857143
  -3.71428571 -4.        ]]