[[0.         0.         0.         0.         0.         0.
  0.         0.        ]
 [0.         0.36363636 0.36363636 0.36363636 0.36363636 0.36363636
  0.36363636 0.36363636]
 [0.         0.49350649 0.72727273 0.72727273 0.72727273 0.72727273
  0.72727273 0.72727273]
 [0.         0.31168831 1.09090909 1.09090909 1.09090909 1.09090909
  1.09090909 1.09090909]
 [0.         0.12987013 0.98701299 1.45454545 1.45454545 1.45454545
  1.45454545 1.45454545]
 [0.         0.         0.80519481 1.66233766 1.81818182 1.81818182
  1.81818182 1.81818182]
 [0.         0.         0.62337662 1.48051948 2.18181818 2.18181818
  2.18181818 2.18181818]
 [0.         0.         0.44155844 1.2987013  2.15584416 2.54545455
  2.54545455 2.54545455]
 [0.         0.         0.25974026 1.11688312 1.97402597 2.83116883
  2.90909091 2.90909091]
 [0.         0.         0.07792208 0.93506494 1.79220779 2.64935065
  3.27272727 3.27272727]
 [0.         0.         0.         0.75324675 1.61038961 2.46753247
  3.32467532 3.63636364]
 [0.         0.         0.         0.57142857 1.42857143 2.28571429
  3.14285714 4.        ]]