[[0.         0.28571429 0.57142857 0.85714286 1.14285714 1.42857143
  1.71428571 2.        ]
 [0.         0.28571429 0.57142857 0.85714286 1.14285714 1.42857143
  1.71428571 2.        ]
 [0.         0.32467532 0.57142857 0.85714286 1.14285714 1.42857143
  1.71428571 2.        ]
 [0.         0.41558442 0.57142857 0.85714286 1.14285714 1.42857143
  1.71428571 2.        ]
 [0.         0.50649351 0.64935065 0.85714286 1.14285714 1.42857143
  1.71428571 2.        ]
 [0.         0.57142857 0.74025974 0.88311688 1.14285714 1.42857143
  1.71428571 2.        ]
 [0.         0.57142857 0.83116883 0.97402597 1.14285714 1.42857143
  1.71428571 2.        ]
 [0.         0.57142857 0.92207792 1.06493506 1.20779221 1.42857143
  1.71428571 2.        ]
 [0.         0.57142857 1.01298701 1.15584416 1.2987013  1.44155844
  1.71428571 2.        ]
 [0.         0.57142857 1.1038961  1.24675325 1.38961039 1.53246753
  1.71428571 2.        ]
 [0.         0.57142857 1.14285714 1.33766234 1.48051948 1.62337662
  1.76623377 2.        ]
 [0.         0.57142857 1.14285714 1.42857143 1.57142857 1.71428571
  1.85714286 2.        ]]