[[ 0.         -0.57142857 -1.14285714 -1.71428571 -2.28571429 -2.85714286
  -3.42857143 -4.        ]
 [-0.18181818 -0.93506494 -1.50649351 -2.07792208 -2.64935065 -3.22077922
  -3.79220779 -4.36363636]
 [-0.36363636 -1.22077922 -1.87012987 -2.44155844 -3.01298701 -3.58441558
  -4.15584416 -4.72727273]
 [-0.54545455 -1.4025974  -2.23376623 -2.80519481 -3.37662338 -3.94805195
  -4.51948052 -5.09090909]
 [-0.72727273 -1.58441558 -2.44155844 -3.16883117 -3.74025974 -4.31168831
  -4.88311688 -5.45454545]
 [-0.90909091 -1.76623377 -2.62337662 -3.48051948 -4.1038961  -4.67532468
  -5.24675325 -5.81818182]
 [-1.09090909 -1.94805195 -2.80519481 -3.66233766 -4.46753247 -5.03896104
  -5.61038961 -6.18181818]
 [-1.27272727 -2.12987013 -2.98701299 -3.84415584 -4.7012987  -5.4025974
  -5.97402597 -6.54545455]
 [-1.45454545 -2.31168831 -3.16883117 -4.02597403 -4.88311688 -5.74025974
  -6.33766234 -6.90909091]
 [-1.63636364 -2.49350649 -3.35064935 -4.20779221 -5.06493506 -5.92207792
  -6.7012987  -7.27272727]
 [-1.81818182 -2.67532468 -3.53246753 -4.38961039 -5.24675325 -6.1038961
  -6.96103896 -7.63636364]
 [-2.         -2.85714286 -3.71428571 -4.57142857 -5.42857143 -6.28571429
  -7.14285714 -8.        ]]