[[ 0.          0.28571429  0.57142857  0.85714286  1.14285714  1.42857143
   1.71428571  2.        ]
 [-0.09090909  0.28571429  0.57142857  0.85714286  1.14285714  1.42857143
   1.71428571  2.        ]
 [-0.18181818  0.24675325  0.57142857  0.85714286  1.14285714  1.42857143
   1.71428571  2.        ]
 [-0.27272727  0.15584416  0.57142857  0.85714286  1.14285714  1.42857143
   1.71428571  2.        ]
 [-0.36363636  0.06493506  0.49350649  0.85714286  1.14285714  1.42857143
   1.71428571  2.        ]
 [-0.45454545 -0.02597403  0.4025974   0.83116883  1.14285714  1.42857143
   1.71428571  2.        ]
 [-0.54545455 -0.11688312  0.31168831  0.74025974  1.14285714  1.42857143
   1.71428571  2.        ]
 [-0.63636364 -0.20779221  0.22077922  0.64935065  1.07792208  1.42857143
   1.71428571  2.        ]
 [-0.72727273 -0.2987013   0.12987013  0.55844156  0.98701299  1.41558442
   1.71428571  2.        ]
 [-0.81818182 -0.38961039  0.03896104  0.46753247  0.8961039   1.32467532
   1.71428571  2.        ]
 [-0.90909091 -0.48051948 -0.05194805  0.37662338  0.80519481  1.23376623
   1.66233766  2.        ]
 [-1.         -0.57142857 -0.14285714  0.28571429  0.71428571  1.14285714
   1.57142857  2.        ]]