[[0.         0.42857143 0.85714286 1.28571429 1.71428571 2.14285714
  2.57142857 3.        ]
 [0.18181818 0.7012987  1.12987013 1.55844156 1.98701299 2.41558442
  2.84415584 3.27272727]
 [0.36363636 0.93506494 1.4025974  1.83116883 2.25974026 2.68831169
  3.11688312 3.54545455]
 [0.54545455 1.11688312 1.67532468 2.1038961  2.53246753 2.96103896
  3.38961039 3.81818182]
 [0.72727273 1.2987013  1.87012987 2.37662338 2.80519481 3.23376623
  3.66233766 4.09090909]
 [0.90909091 1.48051948 2.05194805 2.62337662 3.07792208 3.50649351
  3.93506494 4.36363636]
 [1.09090909 1.66233766 2.23376623 2.80519481 3.35064935 3.77922078
  4.20779221 4.63636364]
 [1.27272727 1.84415584 2.41558442 2.98701299 3.55844156 4.05194805
  4.48051948 4.90909091]
 [1.45454545 2.02597403 2.5974026  3.16883117 3.74025974 4.31168831
  4.75324675 5.18181818]
 [1.63636364 2.20779221 2.77922078 3.35064935 3.92207792 4.49350649
  5.02597403 5.45454545]
 [1.81818182 2.38961039 2.96103896 3.53246753 4.1038961  4.67532468
  5.24675325 5.72727273]
 [2.         2.57142857 3.14285714 3.71428571 4.28571429 4.85714286
  5.42857143 6.        ]]