[[0.         0.28571429 0.57142857 0.85714286 1.14285714 1.42857143
  1.71428571 2.        ]
 [0.54545455 0.83116883 1.11688312 1.4025974  1.68831169 1.97402597
  2.25974026 2.54545455]
 [1.09090909 1.37662338 1.66233766 1.94805195 2.23376623 2.51948052
  2.80519481 3.09090909]
 [1.63636364 1.92207792 2.20779221 2.49350649 2.77922078 3.06493506
  3.35064935 3.63636364]
 [2.18181818 2.46753247 2.75324675 3.03896104 3.32467532 3.61038961
  3.8961039  4.18181818]
 [2.72727273 3.01298701 3.2987013  3.58441558 3.87012987 4.15584416
  4.44155844 4.72727273]
 [3.27272727 3.55844156 3.84415584 4.12987013 4.41558442 4.7012987
  4.98701299 5.27272727]
 [3.81818182 4.1038961  4.38961039 4.67532468 4.96103896 5.24675325
  5.53246753 5.81818182]
 [4.36363636 4.64935065 4.93506494 5.22077922 5.50649351 5.79220779
  6.07792208 6.36363636]
 [4.90909091 5.19480519 5.48051948 5.76623377 6.05194805 6.33766234
  6.62337662 6.90909091]
 [5.45454545 5.74025974 6.02597403 6.31168831 6.5974026  6.88311688
  7.16883117 7.45454545]
 [6.         6.28571429 6.57142857 6.85714286 7.14285714 7.42857143
  7.71428571 8.        ]]