[[ 0.         -0.42857143 -0.85714286 -1.28571429 -1.71428571 -2.14285714
  -2.57142857 -3.        ]
 [ 0.         -0.51948052 -0.94805195 -1.37662338 -1.80519481 -2.23376623
  -2.66233766 -3.09090909]
 [ 0.         -0.57142857 -1.03896104 -1.46753247 -1.8961039  -2.32467532
  -2.75324675 -3.18181818]
 [ 0.         -0.57142857 -1.12987013 -1.55844156 -1.98701299 -2.41558442
  -2.84415584 -3.27272727]
 [ 0.         -0.57142857 -1.14285714 -1.64935065 -2.07792208 -2.50649351
  -2.93506494 -3.36363636]
 [ 0.         -0.57142857 -1.14285714 -1.71428571 -2.16883117 -2.5974026
  -3.02597403 -3.45454545]
 [ 0.         -0.57142857 -1.14285714 -1.71428571 -2.25974026 -2.68831169
  -3.11688312 -3.54545455]
 [ 0.         -0.57142857 -1.14285714 -1.71428571 -2.28571429 -2.77922078
  -3.20779221 -3.63636364]
 [ 0.         -0.57142857 -1.14285714 -1.71428571 -2.28571429 -2.85714286
  -3.2987013  -3.72727273]
 [ 0.         -0.57142857 -1.14285714 -1.71428571 -2.28571429 -2.85714286
  -3.38961039 -3.81818182]
 [ 0.         -0.57142857 -1.14285714 -1.71428571 -2.28571429 -2.85714286
  -3.42857143 -3.90909091]
 [ 0.         -0.57142857 -1.14285714 -1.71428571 -2.28571429 -2.85714286
  -3.42857143 -4.        ]]