[[0.         0.42857143 0.85714286 1.28571429 1.71428571 2.14285714
  2.57142857 3.        ]
 [0.36363636 0.7012987  1.12987013 1.55844156 1.98701299 2.41558442
  2.84415584 3.27272727]
 [0.72727273 1.01298701 1.4025974  1.83116883 2.25974026 2.68831169
  3.11688312 3.54545455]
 [1.09090909 1.37662338 1.67532468 2.1038961  2.53246753 2.96103896
  3.38961039 3.81818182]
 [1.45454545 1.74025974 2.02597403 2.37662338 2.80519481 3.23376623
  3.66233766 4.09090909]
 [1.81818182 2.1038961  2.38961039 2.67532468 3.07792208 3.50649351
  3.93506494 4.36363636]
 [2.18181818 2.46753247 2.75324675 3.03896104 3.35064935 3.77922078
  4.20779221 4.63636364]
 [2.54545455 2.83116883 3.11688312 3.4025974  3.68831169 4.05194805
  4.48051948 4.90909091]
 [2.90909091 3.19480519 3.48051948 3.76623377 4.05194805 4.33766234
  4.75324675 5.18181818]
 [3.27272727 3.55844156 3.84415584 4.12987013 4.41558442 4.7012987
  5.02597403 5.45454545]
 [3.63636364 3.92207792 4.20779221 4.49350649 4.77922078 5.06493506
  5.35064935 5.72727273]
 [4.         4.28571429 4.57142857 4.85714286 5.14285714 5.42857143
  5.71428571 6.        ]]