[[ 0.         -0.14285714 -0.28571429 -0.42857143 -0.57142857 -0.71428571
  -0.85714286 -1.        ]
 [-0.18181818 -0.36363636 -0.37662338 -0.51948052 -0.66233766 -0.80519481
  -0.94805195 -1.09090909]
 [-0.36363636 -0.64935065 -0.72727273 -0.72727273 -0.75324675 -0.8961039
  -1.03896104 -1.18181818]
 [-0.54545455 -0.83116883 -1.09090909 -1.09090909 -1.09090909 -1.09090909
  -1.12987013 -1.27272727]
 [-0.72727273 -1.01298701 -1.2987013  -1.45454545 -1.45454545 -1.45454545
  -1.45454545 -1.45454545]
 [-0.90909091 -1.19480519 -1.48051948 -1.76623377 -1.81818182 -1.81818182
  -1.81818182 -1.81818182]
 [-1.09090909 -1.37662338 -1.66233766 -1.94805195 -2.18181818 -2.18181818
  -2.18181818 -2.18181818]
 [-1.27272727 -1.55844156 -1.84415584 -2.12987013 -2.41558442 -2.54545455
  -2.54545455 -2.54545455]
 [-1.45454545 -1.74025974 -2.02597403 -2.31168831 -2.5974026  -2.88311688
  -2.90909091 -2.90909091]
 [-1.63636364 -1.92207792 -2.20779221 -2.49350649 -2.77922078 -3.06493506
  -3.27272727 -3.27272727]
 [-1.81818182 -2.1038961  -2.38961039 -2.67532468 -2.96103896 -3.24675325
  -3.53246753 -3.63636364]
 [-2.         -2.28571429 -2.57142857 -2.85714286 -3.14285714 -3.42857143
  -3.71428571 -4.        ]]