[[ 0.         -0.14285714 -0.28571429 -0.42857143 -0.57142857 -0.71428571
  -0.85714286 -1.        ]
 [ 0.         -0.36363636 -0.37662338 -0.51948052 -0.66233766 -0.80519481
  -0.94805195 -1.09090909]
 [ 0.         -0.57142857 -0.72727273 -0.72727273 -0.75324675 -0.8961039
  -1.03896104 -1.18181818]
 [ 0.         -0.57142857 -1.09090909 -1.09090909 -1.09090909 -1.09090909
  -1.12987013 -1.27272727]
 [ 0.         -0.57142857 -1.14285714 -1.45454545 -1.45454545 -1.45454545
  -1.45454545 -1.45454545]
 [ 0.         -0.57142857 -1.14285714 -1.71428571 -1.81818182 -1.81818182
  -1.81818182 -1.81818182]
 [ 0.         -0.57142857 -1.14285714 -1.71428571 -2.18181818 -2.18181818
  -2.18181818 -2.18181818]
 [ 0.         -0.57142857 -1.14285714 -1.71428571 -2.28571429 -2.54545455
  -2.54545455 -2.54545455]
 [ 0.         -0.57142857 -1.14285714 -1.71428571 -2.28571429 -2.85714286
  -2.90909091 -2.90909091]
 [ 0.         -0.57142857 -1.14285714 -1.71428571 -2.28571429 -2.85714286
  -3.27272727 -3.27272727]
 [ 0.         -0.57142857 -1.14285714 -1.71428571 -2.28571429 -2.85714286
  -3.42857143 -3.63636364]
 [ 0.         -0.57142857 -1.14285714 -1.71428571 -2.28571429 -2.85714286
  -3.42857143 -4.        ]]