[[0.         0.         0.         0.         0.         0.
  0.         0.        ]
 [0.09090909 0.23376623 0.36363636 0.36363636 0.36363636 0.36363636
  0.36363636 0.36363636]
 [0.18181818 0.32467532 0.46753247 0.61038961 0.72727273 0.72727273
  0.72727273 0.72727273]
 [0.27272727 0.41558442 0.55844156 0.7012987  0.84415584 0.98701299
  1.09090909 1.09090909]
 [0.36363636 0.50649351 0.64935065 0.79220779 0.93506494 1.07792208
  1.22077922 1.36363636]
 [0.45454545 0.5974026  0.74025974 0.88311688 1.02597403 1.16883117
  1.31168831 1.45454545]
 [0.54545455 0.68831169 0.83116883 0.97402597 1.11688312 1.25974026
  1.4025974  1.54545455]
 [0.63636364 0.77922078 0.92207792 1.06493506 1.20779221 1.35064935
  1.49350649 1.63636364]
 [0.72727273 0.87012987 1.01298701 1.15584416 1.2987013  1.44155844
  1.58441558 1.72727273]
 [0.81818182 0.96103896 1.1038961  1.24675325 1.38961039 1.53246753
  1.67532468 1.81818182]
 [0.90909091 1.05194805 1.19480519 1.33766234 1.48051948 1.62337662
  1.76623377 1.90909091]
 [1.         1.14285714 1.28571429 1.42857143 1.57142857 1.71428571
  1.85714286 2.        ]]