[[0.         0.14285714 0.28571429 0.42857143 0.57142857 0.71428571
  0.85714286 1.        ]
 [0.18181818 0.41558442 0.55844156 0.7012987  0.84415584 0.98701299
  1.12987013 1.27272727]
 [0.36363636 0.64935065 0.83116883 0.97402597 1.11688312 1.25974026
  1.4025974  1.54545455]
 [0.54545455 0.83116883 1.1038961  1.24675325 1.38961039 1.53246753
  1.67532468 1.81818182]
 [0.72727273 1.01298701 1.2987013  1.51948052 1.66233766 1.80519481
  1.94805195 2.09090909]
 [0.90909091 1.19480519 1.48051948 1.76623377 1.93506494 2.07792208
  2.22077922 2.36363636]
 [1.09090909 1.37662338 1.66233766 1.94805195 2.20779221 2.35064935
  2.49350649 2.63636364]
 [1.27272727 1.55844156 1.84415584 2.12987013 2.41558442 2.62337662
  2.76623377 2.90909091]
 [1.45454545 1.74025974 2.02597403 2.31168831 2.5974026  2.88311688
  3.03896104 3.18181818]
 [1.63636364 1.92207792 2.20779221 2.49350649 2.77922078 3.06493506
  3.31168831 3.45454545]
 [1.81818182 2.1038961  2.38961039 2.67532468 2.96103896 3.24675325
  3.53246753 3.72727273]
 [2.         2.28571429 2.57142857 2.85714286 3.14285714 3.42857143
  3.71428571 4.        ]]