[[ 0.         -0.14285714 -0.28571429 -0.42857143 -0.57142857 -0.71428571
  -0.85714286 -1.        ]
 [ 0.          0.         -0.01298701 -0.15584416 -0.2987013  -0.44155844
  -0.58441558 -0.72727273]
 [ 0.          0.          0.          0.         -0.02597403 -0.16883117
  -0.31168831 -0.45454545]
 [ 0.          0.          0.          0.          0.          0.
  -0.03896104 -0.18181818]
 [ 0.          0.          0.          0.          0.          0.
   0.          0.        ]
 [ 0.          0.          0.          0.          0.          0.
   0.          0.        ]
 [ 0.          0.          0.          0.          0.          0.
   0.          0.        ]
 [ 0.          0.          0.          0.          0.          0.
   0.          0.        ]
 [ 0.          0.          0.          0.          0.          0.
   0.          0.        ]
 [ 0.          0.          0.          0.          0.          0.
   0.          0.        ]
 [ 0.          0.          0.          0.          0.          0.
   0.          0.        ]
 [ 0.          0.          0.          0.          0.          0.
   0.          0.        ]]