[[0.         0.57142857 1.14285714 1.71428571 2.28571429 2.85714286
  3.42857143 4.        ]
 [0.09090909 0.57142857 1.14285714 1.71428571 2.28571429 2.85714286
  3.42857143 4.        ]
 [0.18181818 0.61038961 1.14285714 1.71428571 2.28571429 2.85714286
  3.42857143 4.        ]
 [0.27272727 0.7012987  1.14285714 1.71428571 2.28571429 2.85714286
  3.42857143 4.        ]
 [0.36363636 0.79220779 1.22077922 1.71428571 2.28571429 2.85714286
  3.42857143 4.        ]
 [0.45454545 0.88311688 1.31168831 1.74025974 2.28571429 2.85714286
  3.42857143 4.        ]
 [0.54545455 0.97402597 1.4025974  1.83116883 2.28571429 2.85714286
  3.42857143 4.        ]
 [0.63636364 1.06493506 1.49350649 1.92207792 2.35064935 2.85714286
  3.42857143 4.        ]
 [0.72727273 1.15584416 1.58441558 2.01298701 2.44155844 2.87012987
  3.42857143 4.        ]
 [0.81818182 1.24675325 1.67532468 2.1038961  2.53246753 2.96103896
  3.42857143 4.        ]
 [0.90909091 1.33766234 1.76623377 2.19480519 2.62337662 3.05194805
  3.48051948 4.        ]
 [1.         1.42857143 1.85714286 2.28571429 2.71428571 3.14285714
  3.57142857 4.        ]]