[[0.         0.         0.         0.         0.         0.
  0.         0.        ]
 [0.         0.12987013 0.         0.         0.         0.
  0.         0.        ]
 [0.         0.28571429 0.25974026 0.11688312 0.         0.
  0.         0.        ]
 [0.         0.28571429 0.53246753 0.38961039 0.24675325 0.1038961
  0.         0.        ]
 [0.         0.28571429 0.57142857 0.66233766 0.51948052 0.37662338
  0.23376623 0.09090909]
 [0.         0.28571429 0.57142857 0.85714286 0.79220779 0.64935065
  0.50649351 0.36363636]
 [0.         0.28571429 0.57142857 0.85714286 1.06493506 0.92207792
  0.77922078 0.63636364]
 [0.         0.28571429 0.57142857 0.85714286 1.14285714 1.19480519
  1.05194805 0.90909091]
 [0.         0.28571429 0.57142857 0.85714286 1.14285714 1.42857143
  1.32467532 1.18181818]
 [0.         0.28571429 0.57142857 0.85714286 1.14285714 1.42857143
  1.5974026  1.45454545]
 [0.         0.28571429 0.57142857 0.85714286 1.14285714 1.42857143
  1.71428571 1.72727273]
 [0.         0.28571429 0.57142857 0.85714286 1.14285714 1.42857143
  1.71428571 2.        ]]