[[0.         0.28571429 0.57142857 0.85714286 1.14285714 1.42857143
  1.71428571 2.        ]
 [0.36363636 0.83116883 1.11688312 1.4025974  1.68831169 1.97402597
  2.25974026 2.54545455]
 [0.72727273 1.2987013  1.66233766 1.94805195 2.23376623 2.51948052
  2.80519481 3.09090909]
 [1.09090909 1.66233766 2.20779221 2.49350649 2.77922078 3.06493506
  3.35064935 3.63636364]
 [1.45454545 2.02597403 2.5974026  3.03896104 3.32467532 3.61038961
  3.8961039  4.18181818]
 [1.81818182 2.38961039 2.96103896 3.53246753 3.87012987 4.15584416
  4.44155844 4.72727273]
 [2.18181818 2.75324675 3.32467532 3.8961039  4.41558442 4.7012987
  4.98701299 5.27272727]
 [2.54545455 3.11688312 3.68831169 4.25974026 4.83116883 5.24675325
  5.53246753 5.81818182]
 [2.90909091 3.48051948 4.05194805 4.62337662 5.19480519 5.76623377
  6.07792208 6.36363636]
 [3.27272727 3.84415584 4.41558442 4.98701299 5.55844156 6.12987013
  6.62337662 6.90909091]
 [3.63636364 4.20779221 4.77922078 5.35064935 5.92207792 6.49350649
  7.06493506 7.45454545]
 [4.         4.57142857 5.14285714 5.71428571 6.28571429 6.85714286
  7.42857143 8.        ]]