[[0.         0.85714286 1.71428571 2.57142857 3.42857143 4.28571429
  5.14285714 6.        ]
 [0.36363636 1.03896104 1.8961039  2.75324675 3.61038961 4.46753247
  5.32467532 6.18181818]
 [0.72727273 1.2987013  2.07792208 2.93506494 3.79220779 4.64935065
  5.50649351 6.36363636]
 [1.09090909 1.66233766 2.25974026 3.11688312 3.97402597 4.83116883
  5.68831169 6.54545455]
 [1.45454545 2.02597403 2.5974026  3.2987013  4.15584416 5.01298701
  5.87012987 6.72727273]
 [1.81818182 2.38961039 2.96103896 3.53246753 4.33766234 5.19480519
  6.05194805 6.90909091]
 [2.18181818 2.75324675 3.32467532 3.8961039  4.51948052 5.37662338
  6.23376623 7.09090909]
 [2.54545455 3.11688312 3.68831169 4.25974026 4.83116883 5.55844156
  6.41558442 7.27272727]
 [2.90909091 3.48051948 4.05194805 4.62337662 5.19480519 5.76623377
  6.5974026  7.45454545]
 [3.27272727 3.84415584 4.41558442 4.98701299 5.55844156 6.12987013
  6.77922078 7.63636364]
 [3.63636364 4.20779221 4.77922078 5.35064935 5.92207792 6.49350649
  7.06493506 7.81818182]
 [4.         4.57142857 5.14285714 5.71428571 6.28571429 6.85714286
  7.42857143 8.        ]]