[[0.         0.14285714 0.28571429 0.42857143 0.57142857 0.71428571
  0.85714286 1.        ]
 [0.09090909 0.41558442 0.55844156 0.7012987  0.84415584 0.98701299
  1.12987013 1.27272727]
 [0.18181818 0.61038961 0.83116883 0.97402597 1.11688312 1.25974026
  1.4025974  1.54545455]
 [0.27272727 0.7012987  1.1038961  1.24675325 1.38961039 1.53246753
  1.67532468 1.81818182]
 [0.36363636 0.79220779 1.22077922 1.51948052 1.66233766 1.80519481
  1.94805195 2.09090909]
 [0.45454545 0.88311688 1.31168831 1.74025974 1.93506494 2.07792208
  2.22077922 2.36363636]
 [0.54545455 0.97402597 1.4025974  1.83116883 2.20779221 2.35064935
  2.49350649 2.63636364]
 [0.63636364 1.06493506 1.49350649 1.92207792 2.35064935 2.62337662
  2.76623377 2.90909091]
 [0.72727273 1.15584416 1.58441558 2.01298701 2.44155844 2.87012987
  3.03896104 3.18181818]
 [0.81818182 1.24675325 1.67532468 2.1038961  2.53246753 2.96103896
  3.31168831 3.45454545]
 [0.90909091 1.33766234 1.76623377 2.19480519 2.62337662 3.05194805
  3.48051948 3.72727273]
 [1.         1.42857143 1.85714286 2.28571429 2.71428571 3.14285714
  3.57142857 4.        ]]