[[0.         0.         0.         0.         0.         0.
  0.         0.        ]
 [0.27272727 0.36363636 0.36363636 0.36363636 0.36363636 0.36363636
  0.36363636 0.36363636]
 [0.54545455 0.68831169 0.72727273 0.72727273 0.72727273 0.72727273
  0.72727273 0.72727273]
 [0.81818182 0.96103896 1.09090909 1.09090909 1.09090909 1.09090909
  1.09090909 1.09090909]
 [1.09090909 1.23376623 1.37662338 1.45454545 1.45454545 1.45454545
  1.45454545 1.45454545]
 [1.36363636 1.50649351 1.64935065 1.79220779 1.81818182 1.81818182
  1.81818182 1.81818182]
 [1.63636364 1.77922078 1.92207792 2.06493506 2.18181818 2.18181818
  2.18181818 2.18181818]
 [1.90909091 2.05194805 2.19480519 2.33766234 2.48051948 2.54545455
  2.54545455 2.54545455]
 [2.18181818 2.32467532 2.46753247 2.61038961 2.75324675 2.8961039
  2.90909091 2.90909091]
 [2.45454545 2.5974026  2.74025974 2.88311688 3.02597403 3.16883117
  3.27272727 3.27272727]
 [2.72727273 2.87012987 3.01298701 3.15584416 3.2987013  3.44155844
  3.58441558 3.63636364]
 [3.         3.14285714 3.28571429 3.42857143 3.57142857 3.71428571
  3.85714286 4.        ]]