[[  0.          -0.85714286  -1.71428571  -2.57142857  -3.42857143
   -4.28571429  -5.14285714  -6.        ]
 [ -0.36363636  -1.4025974   -2.25974026  -3.11688312  -3.97402597
   -4.83116883  -5.68831169  -6.54545455]
 [ -0.72727273  -1.87012987  -2.80519481  -3.66233766  -4.51948052
   -5.37662338  -6.23376623  -7.09090909]
 [ -1.09090909  -2.23376623  -3.35064935  -4.20779221  -5.06493506
   -5.92207792  -6.77922078  -7.63636364]
 [ -1.45454545  -2.5974026   -3.74025974  -4.75324675  -5.61038961
   -6.46753247  -7.32467532  -8.18181818]
 [ -1.81818182  -2.96103896  -4.1038961   -5.24675325  -6.15584416
   -7.01298701  -7.87012987  -8.72727273]
 [ -2.18181818  -3.32467532  -4.46753247  -5.61038961  -6.7012987
   -7.55844156  -8.41558442  -9.27272727]
 [ -2.54545455  -3.68831169  -4.83116883  -5.97402597  -7.11688312
   -8.1038961   -8.96103896  -9.81818182]
 [ -2.90909091  -4.05194805  -5.19480519  -6.33766234  -7.48051948
   -8.62337662  -9.50649351 -10.36363636]
 [ -3.27272727  -4.41558442  -5.55844156  -6.7012987   -7.84415584
   -8.98701299 -10.05194805 -10.90909091]
 [ -3.63636364  -4.77922078  -5.92207792  -7.06493506  -8.20779221
   -9.35064935 -10.49350649 -11.45454545]
 [ -4.          -5.14285714  -6.28571429  -7.42857143  -8.57142857
   -9.71428571 -10.85714286 -12.        ]]