[[ 0.         -0.28571429 -0.57142857 -0.85714286 -1.14285714 -1.42857143
  -1.71428571 -2.        ]
 [-0.36363636 -0.46753247 -0.75324675 -1.03896104 -1.32467532 -1.61038961
  -1.8961039  -2.18181818]
 [-0.72727273 -0.72727273 -0.93506494 -1.22077922 -1.50649351 -1.79220779
  -2.07792208 -2.36363636]
 [-1.09090909 -1.09090909 -1.11688312 -1.4025974  -1.68831169 -1.97402597
  -2.25974026 -2.54545455]
 [-1.45454545 -1.45454545 -1.45454545 -1.58441558 -1.87012987 -2.15584416
  -2.44155844 -2.72727273]
 [-1.81818182 -1.81818182 -1.81818182 -1.81818182 -2.05194805 -2.33766234
  -2.62337662 -2.90909091]
 [-2.18181818 -2.18181818 -2.18181818 -2.18181818 -2.23376623 -2.51948052
  -2.80519481 -3.09090909]
 [-2.54545455 -2.54545455 -2.54545455 -2.54545455 -2.54545455 -2.7012987
  -2.98701299 -3.27272727]
 [-2.90909091 -2.90909091 -2.90909091 -2.90909091 -2.90909091 -2.90909091
  -3.16883117 -3.45454545]
 [-3.27272727 -3.27272727 -3.27272727 -3.27272727 -3.27272727 -3.27272727
  -3.35064935 -3.63636364]
 [-3.63636364 -3.63636364 -3.63636364 -3.63636364 -3.63636364 -3.63636364
  -3.63636364 -3.81818182]
 [-4.         -4.         -4.         -4.         -4.         -4.
  -4.         -4.        ]]