[[ 0.         -0.28571429 -0.57142857 -0.85714286 -1.14285714 -1.42857143
  -1.71428571 -2.        ]
 [-0.18181818 -0.83116883 -1.11688312 -1.4025974  -1.68831169 -1.97402597
  -2.25974026 -2.54545455]
 [-0.36363636 -1.22077922 -1.66233766 -1.94805195 -2.23376623 -2.51948052
  -2.80519481 -3.09090909]
 [-0.54545455 -1.4025974  -2.20779221 -2.49350649 -2.77922078 -3.06493506
  -3.35064935 -3.63636364]
 [-0.72727273 -1.58441558 -2.44155844 -3.03896104 -3.32467532 -3.61038961
  -3.8961039  -4.18181818]
 [-0.90909091 -1.76623377 -2.62337662 -3.48051948 -3.87012987 -4.15584416
  -4.44155844 -4.72727273]
 [-1.09090909 -1.94805195 -2.80519481 -3.66233766 -4.41558442 -4.7012987
  -4.98701299 -5.27272727]
 [-1.27272727 -2.12987013 -2.98701299 -3.84415584 -4.7012987  -5.24675325
  -5.53246753 -5.81818182]
 [-1.45454545 -2.31168831 -3.16883117 -4.02597403 -4.88311688 -5.74025974
  -6.07792208 -6.36363636]
 [-1.63636364 -2.49350649 -3.35064935 -4.20779221 -5.06493506 -5.92207792
  -6.62337662 -6.90909091]
 [-1.81818182 -2.67532468 -3.53246753 -4.38961039 -5.24675325 -6.1038961
  -6.96103896 -7.45454545]
 [-2.         -2.85714286 -3.71428571 -4.57142857 -5.42857143 -6.28571429
  -7.14285714 -8.        ]]