[[ 0.          0.          0.          0.          0.          0.
   0.          0.        ]
 [-0.18181818 -0.23376623 -0.36363636 -0.36363636 -0.36363636 -0.36363636
  -0.36363636 -0.36363636]
 [-0.36363636 -0.36363636 -0.46753247 -0.61038961 -0.72727273 -0.72727273
  -0.72727273 -0.72727273]
 [-0.54545455 -0.54545455 -0.55844156 -0.7012987  -0.84415584 -0.98701299
  -1.09090909 -1.09090909]
 [-0.72727273 -0.72727273 -0.72727273 -0.79220779 -0.93506494 -1.07792208
  -1.22077922 -1.36363636]
 [-0.90909091 -0.90909091 -0.90909091 -0.90909091 -1.02597403 -1.16883117
  -1.31168831 -1.45454545]
 [-1.09090909 -1.09090909 -1.09090909 -1.09090909 -1.11688312 -1.25974026
  -1.4025974  -1.54545455]
 [-1.27272727 -1.27272727 -1.27272727 -1.27272727 -1.27272727 -1.35064935
  -1.49350649 -1.63636364]
 [-1.45454545 -1.45454545 -1.45454545 -1.45454545 -1.45454545 -1.45454545
  -1.58441558 -1.72727273]
 [-1.63636364 -1.63636364 -1.63636364 -1.63636364 -1.63636364 -1.63636364
  -1.67532468 -1.81818182]
 [-1.81818182 -1.81818182 -1.81818182 -1.81818182 -1.81818182 -1.81818182
  -1.81818182 -1.90909091]
 [-2.         -2.         -2.         -2.         -2.         -2.
  -2.         -2.        ]]