[[0.         0.57142857 1.14285714 1.71428571 2.28571429 2.85714286
  3.42857143 4.        ]
 [0.18181818 0.33766234 0.77922078 1.35064935 1.92207792 2.49350649
  3.06493506 3.63636364]
 [0.36363636 0.36363636 0.67532468 1.1038961  1.55844156 2.12987013
  2.7012987  3.27272727]
 [0.54545455 0.54545455 0.58441558 1.01298701 1.44155844 1.87012987
  2.33766234 2.90909091]
 [0.72727273 0.72727273 0.72727273 0.92207792 1.35064935 1.77922078
  2.20779221 2.63636364]
 [0.90909091 0.90909091 0.90909091 0.90909091 1.25974026 1.68831169
  2.11688312 2.54545455]
 [1.09090909 1.09090909 1.09090909 1.09090909 1.16883117 1.5974026
  2.02597403 2.45454545]
 [1.27272727 1.27272727 1.27272727 1.27272727 1.27272727 1.50649351
  1.93506494 2.36363636]
 [1.45454545 1.45454545 1.45454545 1.45454545 1.45454545 1.45454545
  1.84415584 2.27272727]
 [1.63636364 1.63636364 1.63636364 1.63636364 1.63636364 1.63636364
  1.75324675 2.18181818]
 [1.81818182 1.81818182 1.81818182 1.81818182 1.81818182 1.81818182
  1.81818182 2.09090909]
 [2.         2.         2.         2.         2.         2.
  2.         2.        ]]