[[0.         0.42857143 0.85714286 1.28571429 1.71428571 2.14285714
  2.57142857 3.        ]
 [0.27272727 0.7012987  1.12987013 1.55844156 1.98701299 2.41558442
  2.84415584 3.27272727]
 [0.54545455 0.97402597 1.4025974  1.83116883 2.25974026 2.68831169
  3.11688312 3.54545455]
 [0.81818182 1.24675325 1.67532468 2.1038961  2.53246753 2.96103896
  3.38961039 3.81818182]
 [1.09090909 1.51948052 1.94805195 2.37662338 2.80519481 3.23376623
  3.66233766 4.09090909]
 [1.36363636 1.79220779 2.22077922 2.64935065 3.07792208 3.50649351
  3.93506494 4.36363636]
 [1.63636364 2.06493506 2.49350649 2.92207792 3.35064935 3.77922078
  4.20779221 4.63636364]
 [1.90909091 2.33766234 2.76623377 3.19480519 3.62337662 4.05194805
  4.48051948 4.90909091]
 [2.18181818 2.61038961 3.03896104 3.46753247 3.8961039  4.32467532
  4.75324675 5.18181818]
 [2.45454545 2.88311688 3.31168831 3.74025974 4.16883117 4.5974026
  5.02597403 5.45454545]
 [2.72727273 3.15584416 3.58441558 4.01298701 4.44155844 4.87012987
  5.2987013  5.72727273]
 [3.         3.42857143 3.85714286 4.28571429 4.71428571 5.14285714
  5.57142857 6.        ]]