[[0.         0.85714286 1.71428571 2.57142857 3.42857143 4.28571429
  5.14285714 6.        ]
 [0.18181818 0.67532468 1.53246753 2.38961039 3.24675325 4.1038961
  4.96103896 5.81818182]
 [0.36363636 0.64935065 1.35064935 2.20779221 3.06493506 3.92207792
  4.77922078 5.63636364]
 [0.54545455 0.83116883 1.16883117 2.02597403 2.88311688 3.74025974
  4.5974026  5.45454545]
 [0.72727273 1.01298701 1.2987013  1.84415584 2.7012987  3.55844156
  4.41558442 5.27272727]
 [0.90909091 1.19480519 1.48051948 1.76623377 2.51948052 3.37662338
  4.23376623 5.09090909]
 [1.09090909 1.37662338 1.66233766 1.94805195 2.33766234 3.19480519
  4.05194805 4.90909091]
 [1.27272727 1.55844156 1.84415584 2.12987013 2.41558442 3.01298701
  3.87012987 4.72727273]
 [1.45454545 1.74025974 2.02597403 2.31168831 2.5974026  2.88311688
  3.68831169 4.54545455]
 [1.63636364 1.92207792 2.20779221 2.49350649 2.77922078 3.06493506
  3.50649351 4.36363636]
 [1.81818182 2.1038961  2.38961039 2.67532468 2.96103896 3.24675325
  3.53246753 4.18181818]
 [2.         2.28571429 2.57142857 2.85714286 3.14285714 3.42857143
  3.71428571 4.        ]]