[[ 0.          0.          0.          0.          0.          0.
   0.          0.        ]
 [ 0.         -0.36363636 -0.36363636 -0.36363636 -0.36363636 -0.36363636
  -0.36363636 -0.36363636]
 [ 0.         -0.57142857 -0.72727273 -0.72727273 -0.72727273 -0.72727273
  -0.72727273 -0.72727273]
 [ 0.         -0.57142857 -1.09090909 -1.09090909 -1.09090909 -1.09090909
  -1.09090909 -1.09090909]
 [ 0.         -0.57142857 -1.14285714 -1.45454545 -1.45454545 -1.45454545
  -1.45454545 -1.45454545]
 [ 0.         -0.57142857 -1.14285714 -1.71428571 -1.81818182 -1.81818182
  -1.81818182 -1.81818182]
 [ 0.         -0.57142857 -1.14285714 -1.71428571 -2.18181818 -2.18181818
  -2.18181818 -2.18181818]
 [ 0.         -0.57142857 -1.14285714 -1.71428571 -2.28571429 -2.54545455
  -2.54545455 -2.54545455]
 [ 0.         -0.57142857 -1.14285714 -1.71428571 -2.28571429 -2.85714286
  -2.90909091 -2.90909091]
 [ 0.         -0.57142857 -1.14285714 -1.71428571 -2.28571429 -2.85714286
  -3.27272727 -3.27272727]
 [ 0.         -0.57142857 -1.14285714 -1.71428571 -2.28571429 -2.85714286
  -3.42857143 -3.63636364]
 [ 0.         -0.57142857 -1.14285714 -1.71428571 -2.28571429 -2.85714286
  -3.42857143 -4.        ]]