[[ 0.         -0.14285714 -0.28571429 -0.42857143 -0.57142857 -0.71428571
  -0.85714286 -1.        ]
 [ 0.         -0.1038961  -0.37662338 -0.51948052 -0.66233766 -0.80519481
  -0.94805195 -1.09090909]
 [ 0.          0.         -0.20779221 -0.49350649 -0.75324675 -0.8961039
  -1.03896104 -1.18181818]
 [ 0.          0.         -0.02597403 -0.31168831 -0.5974026  -0.88311688
  -1.12987013 -1.27272727]
 [ 0.          0.          0.         -0.12987013 -0.41558442 -0.7012987
  -0.98701299 -1.27272727]
 [ 0.          0.          0.          0.         -0.23376623 -0.51948052
  -0.80519481 -1.09090909]
 [ 0.          0.          0.          0.         -0.05194805 -0.33766234
  -0.62337662 -0.90909091]
 [ 0.          0.          0.          0.          0.         -0.15584416
  -0.44155844 -0.72727273]
 [ 0.          0.          0.          0.          0.          0.
  -0.25974026 -0.54545455]
 [ 0.          0.          0.          0.          0.          0.
  -0.07792208 -0.36363636]
 [ 0.          0.          0.          0.          0.          0.
   0.         -0.18181818]
 [ 0.          0.          0.          0.          0.          0.
   0.          0.        ]]