[[  0.          -0.85714286  -1.71428571  -2.57142857  -3.42857143
   -4.28571429  -5.14285714  -6.        ]
 [ -0.72727273  -1.4025974   -2.25974026  -3.11688312  -3.97402597
   -4.83116883  -5.68831169  -6.54545455]
 [ -1.45454545  -2.02597403  -2.80519481  -3.66233766  -4.51948052
   -5.37662338  -6.23376623  -7.09090909]
 [ -2.18181818  -2.75324675  -3.35064935  -4.20779221  -5.06493506
   -5.92207792  -6.77922078  -7.63636364]
 [ -2.90909091  -3.48051948  -4.05194805  -4.75324675  -5.61038961
   -6.46753247  -7.32467532  -8.18181818]
 [ -3.63636364  -4.20779221  -4.77922078  -5.35064935  -6.15584416
   -7.01298701  -7.87012987  -8.72727273]
 [ -4.36363636  -4.93506494  -5.50649351  -6.07792208  -6.7012987
   -7.55844156  -8.41558442  -9.27272727]
 [ -5.09090909  -5.66233766  -6.23376623  -6.80519481  -7.37662338
   -8.1038961   -8.96103896  -9.81818182]
 [ -5.81818182  -6.38961039  -6.96103896  -7.53246753  -8.1038961
   -8.67532468  -9.50649351 -10.36363636]
 [ -6.54545455  -7.11688312  -7.68831169  -8.25974026  -8.83116883
   -9.4025974  -10.05194805 -10.90909091]
 [ -7.27272727  -7.84415584  -8.41558442  -8.98701299  -9.55844156
  -10.12987013 -10.7012987  -11.45454545]
 [ -8.          -8.57142857  -9.14285714  -9.71428571 -10.28571429
  -10.85714286 -11.42857143 -12.        ]]