[[0.         0.42857143 0.85714286 1.28571429 1.71428571 2.14285714
  2.57142857 3.        ]
 [0.18181818 0.46753247 0.76623377 1.19480519 1.62337662 2.05194805
  2.48051948 2.90909091]
 [0.36363636 0.64935065 0.93506494 1.22077922 1.53246753 1.96103896
  2.38961039 2.81818182]
 [0.54545455 0.83116883 1.11688312 1.4025974  1.68831169 1.97402597
  2.2987013  2.72727273]
 [0.72727273 1.01298701 1.2987013  1.58441558 1.87012987 2.15584416
  2.44155844 2.72727273]
 [0.90909091 1.19480519 1.48051948 1.76623377 2.05194805 2.33766234
  2.62337662 2.90909091]
 [1.09090909 1.37662338 1.66233766 1.94805195 2.23376623 2.51948052
  2.80519481 3.09090909]
 [1.27272727 1.55844156 1.84415584 2.12987013 2.41558442 2.7012987
  2.98701299 3.27272727]
 [1.45454545 1.74025974 2.02597403 2.31168831 2.5974026  2.88311688
  3.16883117 3.45454545]
 [1.63636364 1.92207792 2.20779221 2.49350649 2.77922078 3.06493506
  3.35064935 3.63636364]
 [1.81818182 2.1038961  2.38961039 2.67532468 2.96103896 3.24675325
  3.53246753 3.81818182]
 [2.         2.28571429 2.57142857 2.85714286 3.14285714 3.42857143
  3.71428571 4.        ]]