[[0.         0.14285714 0.28571429 0.42857143 0.57142857 0.71428571
  0.85714286 1.        ]
 [0.         0.41558442 0.55844156 0.7012987  0.84415584 0.98701299
  1.12987013 1.27272727]
 [0.         0.57142857 0.83116883 0.97402597 1.11688312 1.25974026
  1.4025974  1.54545455]
 [0.         0.57142857 1.1038961  1.24675325 1.38961039 1.53246753
  1.67532468 1.81818182]
 [0.         0.57142857 1.14285714 1.51948052 1.66233766 1.80519481
  1.94805195 2.09090909]
 [0.         0.57142857 1.14285714 1.71428571 1.93506494 2.07792208
  2.22077922 2.36363636]
 [0.         0.57142857 1.14285714 1.71428571 2.20779221 2.35064935
  2.49350649 2.63636364]
 [0.         0.57142857 1.14285714 1.71428571 2.28571429 2.62337662
  2.76623377 2.90909091]
 [0.         0.57142857 1.14285714 1.71428571 2.28571429 2.85714286
  3.03896104 3.18181818]
 [0.         0.57142857 1.14285714 1.71428571 2.28571429 2.85714286
  3.31168831 3.45454545]
 [0.         0.57142857 1.14285714 1.71428571 2.28571429 2.85714286
  3.42857143 3.72727273]
 [0.         0.57142857 1.14285714 1.71428571 2.28571429 2.85714286
  3.42857143 4.        ]]