[[ 0.         -0.57142857 -1.14285714 -1.71428571 -2.28571429 -2.85714286
  -3.42857143 -4.        ]
 [-0.36363636 -0.93506494 -1.50649351 -2.07792208 -2.64935065 -3.22077922
  -3.79220779 -4.36363636]
 [-0.72727273 -1.2987013  -1.87012987 -2.44155844 -3.01298701 -3.58441558
  -4.15584416 -4.72727273]
 [-1.09090909 -1.66233766 -2.23376623 -2.80519481 -3.37662338 -3.94805195
  -4.51948052 -5.09090909]
 [-1.45454545 -2.02597403 -2.5974026  -3.16883117 -3.74025974 -4.31168831
  -4.88311688 -5.45454545]
 [-1.81818182 -2.38961039 -2.96103896 -3.53246753 -4.1038961  -4.67532468
  -5.24675325 -5.81818182]
 [-2.18181818 -2.75324675 -3.32467532 -3.8961039  -4.46753247 -5.03896104
  -5.61038961 -6.18181818]
 [-2.54545455 -3.11688312 -3.68831169 -4.25974026 -4.83116883 -5.4025974
  -5.97402597 -6.54545455]
 [-2.90909091 -3.48051948 -4.05194805 -4.62337662 -5.19480519 -5.76623377
  -6.33766234 -6.90909091]
 [-3.27272727 -3.84415584 -4.41558442 -4.98701299 -5.55844156 -6.12987013
  -6.7012987  -7.27272727]
 [-3.63636364 -4.20779221 -4.77922078 -5.35064935 -5.92207792 -6.49350649
  -7.06493506 -7.63636364]
 [-4.         -4.57142857 -5.14285714 -5.71428571 -6.28571429 -6.85714286
  -7.42857143 -8.        ]]