[[0.         0.42857143 0.85714286 1.28571429 1.71428571 2.14285714
  2.57142857 3.        ]
 [0.09090909 0.51948052 0.94805195 1.37662338 1.80519481 2.23376623
  2.66233766 3.09090909]
 [0.18181818 0.61038961 1.03896104 1.46753247 1.8961039  2.32467532
  2.75324675 3.18181818]
 [0.27272727 0.7012987  1.12987013 1.55844156 1.98701299 2.41558442
  2.84415584 3.27272727]
 [0.36363636 0.79220779 1.22077922 1.64935065 2.07792208 2.50649351
  2.93506494 3.36363636]
 [0.45454545 0.88311688 1.31168831 1.74025974 2.16883117 2.5974026
  3.02597403 3.45454545]
 [0.54545455 0.97402597 1.4025974  1.83116883 2.25974026 2.68831169
  3.11688312 3.54545455]
 [0.63636364 1.06493506 1.49350649 1.92207792 2.35064935 2.77922078
  3.20779221 3.63636364]
 [0.72727273 1.15584416 1.58441558 2.01298701 2.44155844 2.87012987
  3.2987013  3.72727273]
 [0.81818182 1.24675325 1.67532468 2.1038961  2.53246753 2.96103896
  3.38961039 3.81818182]
 [0.90909091 1.33766234 1.76623377 2.19480519 2.62337662 3.05194805
  3.48051948 3.90909091]
 [1.         1.42857143 1.85714286 2.28571429 2.71428571 3.14285714
  3.57142857 4.        ]]