[[0.         0.         0.         0.         0.         0.
  0.         0.        ]
 [0.36363636 0.25974026 0.         0.         0.         0.
  0.         0.        ]
 [0.72727273 0.72727273 0.51948052 0.23376623 0.         0.
  0.         0.        ]
 [1.09090909 1.09090909 1.06493506 0.77922078 0.49350649 0.20779221
  0.         0.        ]
 [1.45454545 1.45454545 1.45454545 1.32467532 1.03896104 0.75324675
  0.46753247 0.18181818]
 [1.81818182 1.81818182 1.81818182 1.81818182 1.58441558 1.2987013
  1.01298701 0.72727273]
 [2.18181818 2.18181818 2.18181818 2.18181818 2.12987013 1.84415584
  1.55844156 1.27272727]
 [2.54545455 2.54545455 2.54545455 2.54545455 2.54545455 2.38961039
  2.1038961  1.81818182]
 [2.90909091 2.90909091 2.90909091 2.90909091 2.90909091 2.90909091
  2.64935065 2.36363636]
 [3.27272727 3.27272727 3.27272727 3.27272727 3.27272727 3.27272727
  3.19480519 2.90909091]
 [3.63636364 3.63636364 3.63636364 3.63636364 3.63636364 3.63636364
  3.63636364 3.45454545]
 [4.         4.         4.         4.         4.         4.
  4.         4.        ]]