[[0.         0.42857143 0.85714286 1.28571429 1.71428571 2.14285714
  2.57142857 3.        ]
 [0.         0.33766234 0.76623377 1.19480519 1.62337662 2.05194805
  2.48051948 2.90909091]
 [0.         0.28571429 0.67532468 1.1038961  1.53246753 1.96103896
  2.38961039 2.81818182]
 [0.         0.28571429 0.58441558 1.01298701 1.44155844 1.87012987
  2.2987013  2.72727273]
 [0.         0.28571429 0.57142857 0.92207792 1.35064935 1.77922078
  2.20779221 2.63636364]
 [0.         0.28571429 0.57142857 0.85714286 1.25974026 1.68831169
  2.11688312 2.54545455]
 [0.         0.28571429 0.57142857 0.85714286 1.16883117 1.5974026
  2.02597403 2.45454545]
 [0.         0.28571429 0.57142857 0.85714286 1.14285714 1.50649351
  1.93506494 2.36363636]
 [0.         0.28571429 0.57142857 0.85714286 1.14285714 1.42857143
  1.84415584 2.27272727]
 [0.         0.28571429 0.57142857 0.85714286 1.14285714 1.42857143
  1.75324675 2.18181818]
 [0.         0.28571429 0.57142857 0.85714286 1.14285714 1.42857143
  1.71428571 2.09090909]
 [0.         0.28571429 0.57142857 0.85714286 1.14285714 1.42857143
  1.71428571 2.        ]]