[[0.         0.42857143 0.85714286 1.28571429 1.71428571 2.14285714
  2.57142857 3.        ]
 [0.27272727 0.51948052 0.94805195 1.37662338 1.80519481 2.23376623
  2.66233766 3.09090909]
 [0.54545455 0.68831169 1.03896104 1.46753247 1.8961039  2.32467532
  2.75324675 3.18181818]
 [0.81818182 0.96103896 1.12987013 1.55844156 1.98701299 2.41558442
  2.84415584 3.27272727]
 [1.09090909 1.23376623 1.37662338 1.64935065 2.07792208 2.50649351
  2.93506494 3.36363636]
 [1.36363636 1.50649351 1.64935065 1.79220779 2.16883117 2.5974026
  3.02597403 3.45454545]
 [1.63636364 1.77922078 1.92207792 2.06493506 2.25974026 2.68831169
  3.11688312 3.54545455]
 [1.90909091 2.05194805 2.19480519 2.33766234 2.48051948 2.77922078
  3.20779221 3.63636364]
 [2.18181818 2.32467532 2.46753247 2.61038961 2.75324675 2.8961039
  3.2987013  3.72727273]
 [2.45454545 2.5974026  2.74025974 2.88311688 3.02597403 3.16883117
  3.38961039 3.81818182]
 [2.72727273 2.87012987 3.01298701 3.15584416 3.2987013  3.44155844
  3.58441558 3.90909091]
 [3.         3.14285714 3.28571429 3.42857143 3.57142857 3.71428571
  3.85714286 4.        ]]