[[ 0.          0.85714286  1.71428571  2.57142857  3.42857143  4.28571429
   5.14285714  6.        ]
 [ 0.54545455  1.4025974   2.25974026  3.11688312  3.97402597  4.83116883
   5.68831169  6.54545455]
 [ 1.09090909  1.94805195  2.80519481  3.66233766  4.51948052  5.37662338
   6.23376623  7.09090909]
 [ 1.63636364  2.49350649  3.35064935  4.20779221  5.06493506  5.92207792
   6.77922078  7.63636364]
 [ 2.18181818  3.03896104  3.8961039   4.75324675  5.61038961  6.46753247
   7.32467532  8.18181818]
 [ 2.72727273  3.58441558  4.44155844  5.2987013   6.15584416  7.01298701
   7.87012987  8.72727273]
 [ 3.27272727  4.12987013  4.98701299  5.84415584  6.7012987   7.55844156
   8.41558442  9.27272727]
 [ 3.81818182  4.67532468  5.53246753  6.38961039  7.24675325  8.1038961
   8.96103896  9.81818182]
 [ 4.36363636  5.22077922  6.07792208  6.93506494  7.79220779  8.64935065
   9.50649351 10.36363636]
 [ 4.90909091  5.76623377  6.62337662  7.48051948  8.33766234  9.19480519
  10.05194805 10.90909091]
 [ 5.45454545  6.31168831  7.16883117  8.02597403  8.88311688  9.74025974
  10.5974026  11.45454545]
 [ 6.          6.85714286  7.71428571  8.57142857  9.42857143 10.28571429
  11.14285714 12.        ]]