[[ 0.         -0.85714286 -1.71428571 -2.57142857 -3.42857143 -4.28571429
  -5.14285714 -6.        ]
 [-0.09090909 -0.31168831 -1.16883117 -2.02597403 -2.88311688 -3.74025974
  -4.5974026  -5.45454545]
 [-0.18181818 -0.03896104 -0.62337662 -1.48051948 -2.33766234 -3.19480519
  -4.05194805 -4.90909091]
 [-0.27272727 -0.12987013 -0.07792208 -0.93506494 -1.79220779 -2.64935065
  -3.50649351 -4.36363636]
 [-0.36363636 -0.22077922 -0.07792208 -0.38961039 -1.24675325 -2.1038961
  -2.96103896 -3.81818182]
 [-0.45454545 -0.31168831 -0.16883117 -0.02597403 -0.7012987  -1.55844156
  -2.41558442 -3.27272727]
 [-0.54545455 -0.4025974  -0.25974026 -0.11688312 -0.15584416 -1.01298701
  -1.87012987 -2.72727273]
 [-0.63636364 -0.49350649 -0.35064935 -0.20779221 -0.06493506 -0.46753247
  -1.32467532 -2.18181818]
 [-0.72727273 -0.58441558 -0.44155844 -0.2987013  -0.15584416 -0.01298701
  -0.77922078 -1.63636364]
 [-0.81818182 -0.67532468 -0.53246753 -0.38961039 -0.24675325 -0.1038961
  -0.23376623 -1.09090909]
 [-0.90909091 -0.76623377 -0.62337662 -0.48051948 -0.33766234 -0.19480519
  -0.05194805 -0.54545455]
 [-1.         -0.85714286 -0.71428571 -0.57142857 -0.42857143 -0.28571429
  -0.14285714  0.        ]]