[[ 0.         -0.14285714 -0.28571429 -0.42857143 -0.57142857 -0.71428571
  -0.85714286 -1.        ]
 [ 0.18181818  0.12987013 -0.01298701 -0.15584416 -0.2987013  -0.44155844
  -0.58441558 -0.72727273]
 [ 0.36363636  0.36363636  0.25974026  0.11688312 -0.02597403 -0.16883117
  -0.31168831 -0.45454545]
 [ 0.54545455  0.54545455  0.53246753  0.38961039  0.24675325  0.1038961
  -0.03896104 -0.18181818]
 [ 0.72727273  0.72727273  0.72727273  0.66233766  0.51948052  0.37662338
   0.23376623  0.09090909]
 [ 0.90909091  0.90909091  0.90909091  0.90909091  0.79220779  0.64935065
   0.50649351  0.36363636]
 [ 1.09090909  1.09090909  1.09090909  1.09090909  1.06493506  0.92207792
   0.77922078  0.63636364]
 [ 1.27272727  1.27272727  1.27272727  1.27272727  1.27272727  1.19480519
   1.05194805  0.90909091]
 [ 1.45454545  1.45454545  1.45454545  1.45454545  1.45454545  1.45454545
   1.32467532  1.18181818]
 [ 1.63636364  1.63636364  1.63636364  1.63636364  1.63636364  1.63636364
   1.5974026   1.45454545]
 [ 1.81818182  1.81818182  1.81818182  1.81818182  1.81818182  1.81818182
   1.81818182  1.72727273]
 [ 2.          2.          2.          2.          2.          2.
   2.          2.        ]]