[[ 0.00000000e+00  0.00000000e+00  0.00000000e+00  0.00000000e+00
   0.00000000e+00  0.00000000e+00  0.00000000e+00  0.00000000e+00]
 [-9.09090909e-02  0.00000000e+00 -2.77555756e-17  0.00000000e+00
   0.00000000e+00  0.00000000e+00  0.00000000e+00  1.11022302e-16]
 [-1.81818182e-01 -3.89610390e-02  0.00000000e+00  0.00000000e+00
  -5.55111512e-17  0.00000000e+00  0.00000000e+00  0.00000000e+00]
 [-2.72727273e-01 -1.29870130e-01  0.00000000e+00  0.00000000e+00
   0.00000000e+00  0.00000000e+00 -1.11022302e-16  0.00000000e+00]
 [-3.63636364e-01 -2.20779221e-01 -7.79220779e-02  0.00000000e+00
   0.00000000e+00  1.11022302e-16  0.00000000e+00 -1.11022302e-16]
 [-4.54545455e-01 -3.11688312e-01 -1.68831169e-01 -2.59740260e-02
   0.00000000e+00  0.00000000e+00  1.11022302e-16  0.00000000e+00]
 [-5.45454545e-01 -4.02597403e-01 -2.59740260e-01 -1.16883117e-01
   0.00000000e+00  0.00000000e+00  0.00000000e+00  0.00000000e+00]
 [-6.36363636e-01 -4.93506494e-01 -3.50649351e-01 -2.07792208e-01
  -6.49350649e-02  0.00000000e+00  0.00000000e+00  0.00000000e+00]
 [-7.27272727e-01 -5.84415584e-01 -4.41558442e-01 -2.98701299e-01
  -1.55844156e-01 -1.29870130e-02  0.00000000e+00  0.00000000e+00]
 [-8.18181818e-01 -6.75324675e-01 -5.32467532e-01 -3.89610390e-01
  -2.46753247e-01 -1.03896104e-01  0.00000000e+00  0.00000000e+00]
 [-9.09090909e-01 -7.66233766e-01 -6.23376623e-01 -4.80519481e-01
  -3.37662338e-01 -1.94805195e-01 -5.19480519e-02  0.00000000e+00]
 [-1.00000000e+00 -8.57142857e-01 -7.14285714e-01 -5.71428571e-01
  -4.28571429e-01 -2.85714286e-01 -1.42857143e-01  0.00000000e+00]]