[[ 0.         -0.85714286 -1.71428571 -2.57142857 -3.42857143 -4.28571429
  -5.14285714 -6.        ]
 [-0.18181818 -1.03896104 -1.8961039  -2.75324675 -3.61038961 -4.46753247
  -5.32467532 -6.18181818]
 [-0.36363636 -1.22077922 -2.07792208 -2.93506494 -3.79220779 -4.64935065
  -5.50649351 -6.36363636]
 [-0.54545455 -1.4025974  -2.25974026 -3.11688312 -3.97402597 -4.83116883
  -5.68831169 -6.54545455]
 [-0.72727273 -1.58441558 -2.44155844 -3.2987013  -4.15584416 -5.01298701
  -5.87012987 -6.72727273]
 [-0.90909091 -1.76623377 -2.62337662 -3.48051948 -4.33766234 -5.19480519
  -6.05194805 -6.90909091]
 [-1.09090909 -1.94805195 -2.80519481 -3.66233766 -4.51948052 -5.37662338
  -6.23376623 -7.09090909]
 [-1.27272727 -2.12987013 -2.98701299 -3.84415584 -4.7012987  -5.55844156
  -6.41558442 -7.27272727]
 [-1.45454545 -2.31168831 -3.16883117 -4.02597403 -4.88311688 -5.74025974
  -6.5974026  -7.45454545]
 [-1.63636364 -2.49350649 -3.35064935 -4.20779221 -5.06493506 -5.92207792
  -6.77922078 -7.63636364]
 [-1.81818182 -2.67532468 -3.53246753 -4.38961039 -5.24675325 -6.1038961
  -6.96103896 -7.81818182]
 [-2.         -2.85714286 -3.71428571 -4.57142857 -5.42857143 -6.28571429
  -7.14285714 -8.        ]]