[[ 0.         -0.85714286 -1.71428571 -2.57142857 -3.42857143 -4.28571429
  -5.14285714 -6.        ]
 [ 0.         -0.67532468 -1.53246753 -2.38961039 -3.24675325 -4.1038961
  -4.96103896 -5.81818182]
 [ 0.         -0.57142857 -1.35064935 -2.20779221 -3.06493506 -3.92207792
  -4.77922078 -5.63636364]
 [ 0.         -0.57142857 -1.16883117 -2.02597403 -2.88311688 -3.74025974
  -4.5974026  -5.45454545]
 [ 0.         -0.57142857 -1.14285714 -1.84415584 -2.7012987  -3.55844156
  -4.41558442 -5.27272727]
 [ 0.         -0.57142857 -1.14285714 -1.71428571 -2.51948052 -3.37662338
  -4.23376623 -5.09090909]
 [ 0.         -0.57142857 -1.14285714 -1.71428571 -2.33766234 -3.19480519
  -4.05194805 -4.90909091]
 [ 0.         -0.57142857 -1.14285714 -1.71428571 -2.28571429 -3.01298701
  -3.87012987 -4.72727273]
 [ 0.         -0.57142857 -1.14285714 -1.71428571 -2.28571429 -2.85714286
  -3.68831169 -4.54545455]
 [ 0.         -0.57142857 -1.14285714 -1.71428571 -2.28571429 -2.85714286
  -3.50649351 -4.36363636]
 [ 0.         -0.57142857 -1.14285714 -1.71428571 -2.28571429 -2.85714286
  -3.42857143 -4.18181818]
 [ 0.         -0.57142857 -1.14285714 -1.71428571 -2.28571429 -2.85714286
  -3.42857143 -4.        ]]