[[ 0.         -0.28571429 -0.57142857 -0.85714286 -1.14285714 -1.42857143
  -1.71428571 -2.        ]
 [-0.09090909 -0.33766234 -0.75324675 -1.03896104 -1.32467532 -1.61038961
  -1.8961039  -2.18181818]
 [-0.18181818 -0.32467532 -0.67532468 -1.1038961  -1.50649351 -1.79220779
  -2.07792208 -2.36363636]
 [-0.27272727 -0.41558442 -0.58441558 -1.01298701 -1.44155844 -1.87012987
  -2.25974026 -2.54545455]
 [-0.36363636 -0.50649351 -0.64935065 -0.92207792 -1.35064935 -1.77922078
  -2.20779221 -2.63636364]
 [-0.45454545 -0.5974026  -0.74025974 -0.88311688 -1.25974026 -1.68831169
  -2.11688312 -2.54545455]
 [-0.54545455 -0.68831169 -0.83116883 -0.97402597 -1.16883117 -1.5974026
  -2.02597403 -2.45454545]
 [-0.63636364 -0.77922078 -0.92207792 -1.06493506 -1.20779221 -1.50649351
  -1.93506494 -2.36363636]
 [-0.72727273 -0.87012987 -1.01298701 -1.15584416 -1.2987013  -1.44155844
  -1.84415584 -2.27272727]
 [-0.81818182 -0.96103896 -1.1038961  -1.24675325 -1.38961039 -1.53246753
  -1.75324675 -2.18181818]
 [-0.90909091 -1.05194805 -1.19480519 -1.33766234 -1.48051948 -1.62337662
  -1.76623377 -2.09090909]
 [-1.         -1.14285714 -1.28571429 -1.42857143 -1.57142857 -1.71428571
  -1.85714286 -2.        ]]