[[ 0.         -0.42857143 -0.85714286 -1.28571429 -1.71428571 -2.14285714
  -2.57142857 -3.        ]
 [-0.18181818 -0.15584416 -0.58441558 -1.01298701 -1.44155844 -1.87012987
  -2.2987013  -2.72727273]
 [-0.36363636 -0.07792208 -0.31168831 -0.74025974 -1.16883117 -1.5974026
  -2.02597403 -2.45454545]
 [-0.54545455 -0.25974026 -0.03896104 -0.46753247 -0.8961039  -1.32467532
  -1.75324675 -2.18181818]
 [-0.72727273 -0.44155844 -0.15584416 -0.19480519 -0.62337662 -1.05194805
  -1.48051948 -1.90909091]
 [-0.90909091 -0.62337662 -0.33766234 -0.05194805 -0.35064935 -0.77922078
  -1.20779221 -1.63636364]
 [-1.09090909 -0.80519481 -0.51948052 -0.23376623 -0.07792208 -0.50649351
  -0.93506494 -1.36363636]
 [-1.27272727 -0.98701299 -0.7012987  -0.41558442 -0.12987013 -0.23376623
  -0.66233766 -1.09090909]
 [-1.45454545 -1.16883117 -0.88311688 -0.5974026  -0.31168831 -0.02597403
  -0.38961039 -0.81818182]
 [-1.63636364 -1.35064935 -1.06493506 -0.77922078 -0.49350649 -0.20779221
  -0.11688312 -0.54545455]
 [-1.81818182 -1.53246753 -1.24675325 -0.96103896 -0.67532468 -0.38961039
  -0.1038961  -0.27272727]
 [-2.         -1.71428571 -1.42857143 -1.14285714 -0.85714286 -0.57142857
  -0.28571429  0.        ]]