[[0.         0.85714286 1.71428571 2.57142857 3.42857143 4.28571429
  5.14285714 6.        ]
 [0.54545455 1.03896104 1.8961039  2.75324675 3.61038961 4.46753247
  5.32467532 6.18181818]
 [1.09090909 1.37662338 2.07792208 2.93506494 3.79220779 4.64935065
  5.50649351 6.36363636]
 [1.63636364 1.92207792 2.25974026 3.11688312 3.97402597 4.83116883
  5.68831169 6.54545455]
 [2.18181818 2.46753247 2.75324675 3.2987013  4.15584416 5.01298701
  5.87012987 6.72727273]
 [2.72727273 3.01298701 3.2987013  3.58441558 4.33766234 5.19480519
  6.05194805 6.90909091]
 [3.27272727 3.55844156 3.84415584 4.12987013 4.51948052 5.37662338
  6.23376623 7.09090909]
 [3.81818182 4.1038961  4.38961039 4.67532468 4.96103896 5.55844156
  6.41558442 7.27272727]
 [4.36363636 4.64935065 4.93506494 5.22077922 5.50649351 5.79220779
  6.5974026  7.45454545]
 [4.90909091 5.19480519 5.48051948 5.76623377 6.05194805 6.33766234
  6.77922078 7.63636364]
 [5.45454545 5.74025974 6.02597403 6.31168831 6.5974026  6.88311688
  7.16883117 7.81818182]
 [6.         6.28571429 6.57142857 6.85714286 7.14285714 7.42857143
  7.71428571 8.        ]]