[[ 0.          0.42857143  0.85714286  1.28571429  1.71428571  2.14285714
   2.57142857  3.        ]
 [-0.18181818  0.20779221  0.76623377  1.19480519  1.62337662  2.05194805
   2.48051948  2.90909091]
 [-0.36363636 -0.07792208  0.41558442  0.98701299  1.53246753  1.96103896
   2.38961039  2.81818182]
 [-0.54545455 -0.25974026  0.05194805  0.62337662  1.19480519  1.76623377
   2.2987013   2.72727273]
 [-0.72727273 -0.44155844 -0.15584416  0.25974026  0.83116883  1.4025974
   1.97402597  2.54545455]
 [-0.90909091 -0.62337662 -0.33766234 -0.05194805  0.46753247  1.03896104
   1.61038961  2.18181818]
 [-1.09090909 -0.80519481 -0.51948052 -0.23376623  0.1038961   0.67532468
   1.24675325  1.81818182]
 [-1.27272727 -0.98701299 -0.7012987  -0.41558442 -0.12987013  0.31168831
   0.88311688  1.45454545]
 [-1.45454545 -1.16883117 -0.88311688 -0.5974026  -0.31168831 -0.02597403
   0.51948052  1.09090909]
 [-1.63636364 -1.35064935 -1.06493506 -0.77922078 -0.49350649 -0.20779221
   0.15584416  0.72727273]
 [-1.81818182 -1.53246753 -1.24675325 -0.96103896 -0.67532468 -0.38961039
  -0.1038961   0.36363636]
 [-2.         -1.71428571 -1.42857143 -1.14285714 -0.85714286 -0.57142857
  -0.28571429  0.        ]]