[[0.         0.28571429 0.57142857 0.85714286 1.14285714 1.42857143
  1.71428571 2.        ]
 [0.         0.         0.02597403 0.31168831 0.5974026  0.88311688
  1.16883117 1.45454545]
 [0.         0.         0.         0.         0.05194805 0.33766234
  0.62337662 0.90909091]
 [0.         0.         0.         0.         0.         0.
  0.07792208 0.36363636]
 [0.         0.         0.         0.         0.         0.
  0.         0.        ]
 [0.         0.         0.         0.         0.         0.
  0.         0.        ]
 [0.         0.         0.         0.         0.         0.
  0.         0.        ]
 [0.         0.         0.         0.         0.         0.
  0.         0.        ]
 [0.         0.         0.         0.         0.         0.
  0.         0.        ]
 [0.         0.         0.         0.         0.         0.
  0.         0.        ]
 [0.         0.         0.         0.         0.         0.
  0.         0.        ]
 [0.         0.         0.         0.         0.         0.
  0.         0.        ]]