[[0.         0.28571429 0.57142857 0.85714286 1.14285714 1.42857143
  1.71428571 2.        ]
 [0.18181818 0.33766234 0.75324675 1.03896104 1.32467532 1.61038961
  1.8961039  2.18181818]
 [0.36363636 0.36363636 0.67532468 1.1038961  1.50649351 1.79220779
  2.07792208 2.36363636]
 [0.54545455 0.54545455 0.58441558 1.01298701 1.44155844 1.87012987
  2.25974026 2.54545455]
 [0.72727273 0.72727273 0.72727273 0.92207792 1.35064935 1.77922078
  2.20779221 2.63636364]
 [0.90909091 0.90909091 0.90909091 0.90909091 1.25974026 1.68831169
  2.11688312 2.54545455]
 [1.09090909 1.09090909 1.09090909 1.09090909 1.16883117 1.5974026
  2.02597403 2.45454545]
 [1.27272727 1.27272727 1.27272727 1.27272727 1.27272727 1.50649351
  1.93506494 2.36363636]
 [1.45454545 1.45454545 1.45454545 1.45454545 1.45454545 1.45454545
  1.84415584 2.27272727]
 [1.63636364 1.63636364 1.63636364 1.63636364 1.63636364 1.63636364
  1.75324675 2.18181818]
 [1.81818182 1.81818182 1.81818182 1.81818182 1.81818182 1.81818182
  1.81818182 2.09090909]
 [2.         2.         2.         2.         2.         2.
  2.         2.        ]]