[[ 0.         -0.14285714 -0.28571429 -0.42857143 -0.57142857 -0.71428571
  -0.85714286 -1.        ]
 [-0.27272727 -0.41558442 -0.55844156 -0.7012987  -0.84415584 -0.98701299
  -1.12987013 -1.27272727]
 [-0.54545455 -0.68831169 -0.83116883 -0.97402597 -1.11688312 -1.25974026
  -1.4025974  -1.54545455]
 [-0.81818182 -0.96103896 -1.1038961  -1.24675325 -1.38961039 -1.53246753
  -1.67532468 -1.81818182]
 [-1.09090909 -1.23376623 -1.37662338 -1.51948052 -1.66233766 -1.80519481
  -1.94805195 -2.09090909]
 [-1.36363636 -1.50649351 -1.64935065 -1.79220779 -1.93506494 -2.07792208
  -2.22077922 -2.36363636]
 [-1.63636364 -1.77922078 -1.92207792 -2.06493506 -2.20779221 -2.35064935
  -2.49350649 -2.63636364]
 [-1.90909091 -2.05194805 -2.19480519 -2.33766234 -2.48051948 -2.62337662
  -2.76623377 -2.90909091]
 [-2.18181818 -2.32467532 -2.46753247 -2.61038961 -2.75324675 -2.8961039
  -3.03896104 -3.18181818]
 [-2.45454545 -2.5974026  -2.74025974 -2.88311688 -3.02597403 -3.16883117
  -3.31168831 -3.45454545]
 [-2.72727273 -2.87012987 -3.01298701 -3.15584416 -3.2987013  -3.44155844
  -3.58441558 -3.72727273]
 [-3.         -3.14285714 -3.28571429 -3.42857143 -3.57142857 -3.71428571
  -3.85714286 -4.        ]]