[[ 0.         -0.28571429 -0.57142857 -0.85714286 -1.14285714 -1.42857143
  -1.71428571 -2.        ]
 [-0.72727273 -0.46753247 -0.75324675 -1.03896104 -1.32467532 -1.61038961
  -1.8961039  -2.18181818]
 [-1.45454545 -0.88311688 -0.93506494 -1.22077922 -1.50649351 -1.79220779
  -2.07792208 -2.36363636]
 [-2.18181818 -1.61038961 -1.11688312 -1.4025974  -1.68831169 -1.97402597
  -2.25974026 -2.54545455]
 [-2.90909091 -2.33766234 -1.76623377 -1.58441558 -1.87012987 -2.15584416
  -2.44155844 -2.72727273]
 [-3.63636364 -3.06493506 -2.49350649 -1.92207792 -2.05194805 -2.33766234
  -2.62337662 -2.90909091]
 [-4.36363636 -3.79220779 -3.22077922 -2.64935065 -2.23376623 -2.51948052
  -2.80519481 -3.09090909]
 [-5.09090909 -4.51948052 -3.94805195 -3.37662338 -2.80519481 -2.7012987
  -2.98701299 -3.27272727]
 [-5.81818182 -5.24675325 -4.67532468 -4.1038961  -3.53246753 -2.96103896
  -3.16883117 -3.45454545]
 [-6.54545455 -5.97402597 -5.4025974  -4.83116883 -4.25974026 -3.68831169
  -3.35064935 -3.63636364]
 [-7.27272727 -6.7012987  -6.12987013 -5.55844156 -4.98701299 -4.41558442
  -3.84415584 -3.81818182]
 [-8.         -7.42857143 -6.85714286 -6.28571429 -5.71428571 -5.14285714
  -4.57142857 -4.        ]]