[[ 0.         -0.14285714 -0.28571429 -0.42857143 -0.57142857 -0.71428571
  -0.85714286 -1.        ]
 [-0.54545455 -0.05194805 -0.19480519 -0.33766234 -0.48051948 -0.62337662
  -0.76623377 -0.90909091]
 [-1.09090909 -0.23376623 -0.1038961  -0.24675325 -0.38961039 -0.53246753
  -0.67532468 -0.81818182]
 [-1.63636364 -0.77922078 -0.01298701 -0.15584416 -0.2987013  -0.44155844
  -0.58441558 -0.72727273]
 [-2.18181818 -1.32467532 -0.46753247 -0.06493506 -0.20779221 -0.35064935
  -0.49350649 -0.63636364]
 [-2.72727273 -1.87012987 -1.01298701 -0.15584416 -0.11688312 -0.25974026
  -0.4025974  -0.54545455]
 [-3.27272727 -2.41558442 -1.55844156 -0.7012987  -0.02597403 -0.16883117
  -0.31168831 -0.45454545]
 [-3.81818182 -2.96103896 -2.1038961  -1.24675325 -0.38961039 -0.07792208
  -0.22077922 -0.36363636]
 [-4.36363636 -3.50649351 -2.64935065 -1.79220779 -0.93506494 -0.07792208
  -0.12987013 -0.27272727]
 [-4.90909091 -4.05194805 -3.19480519 -2.33766234 -1.48051948 -0.62337662
  -0.03896104 -0.18181818]
 [-5.45454545 -4.5974026  -3.74025974 -2.88311688 -2.02597403 -1.16883117
  -0.31168831 -0.09090909]
 [-6.         -5.14285714 -4.28571429 -3.42857143 -2.57142857 -1.71428571
  -0.85714286  0.        ]]