[[ 0.         -0.57142857 -1.14285714 -1.71428571 -2.28571429 -2.85714286
  -3.42857143 -4.        ]
 [-0.18181818 -0.57142857 -1.14285714 -1.71428571 -2.28571429 -2.85714286
  -3.42857143 -4.        ]
 [-0.36363636 -0.64935065 -1.14285714 -1.71428571 -2.28571429 -2.85714286
  -3.42857143 -4.        ]
 [-0.54545455 -0.83116883 -1.14285714 -1.71428571 -2.28571429 -2.85714286
  -3.42857143 -4.        ]
 [-0.72727273 -1.01298701 -1.2987013  -1.71428571 -2.28571429 -2.85714286
  -3.42857143 -4.        ]
 [-0.90909091 -1.19480519 -1.48051948 -1.76623377 -2.28571429 -2.85714286
  -3.42857143 -4.        ]
 [-1.09090909 -1.37662338 -1.66233766 -1.94805195 -2.28571429 -2.85714286
  -3.42857143 -4.        ]
 [-1.27272727 -1.55844156 -1.84415584 -2.12987013 -2.41558442 -2.85714286
  -3.42857143 -4.        ]
 [-1.45454545 -1.74025974 -2.02597403 -2.31168831 -2.5974026  -2.88311688
  -3.42857143 -4.        ]
 [-1.63636364 -1.92207792 -2.20779221 -2.49350649 -2.77922078 -3.06493506
  -3.42857143 -4.        ]
 [-1.81818182 -2.1038961  -2.38961039 -2.67532468 -2.96103896 -3.24675325
  -3.53246753 -4.        ]
 [-2.         -2.28571429 -2.57142857 -2.85714286 -3.14285714 -3.42857143
  -3.71428571 -4.        ]]