[[3.52045367 4.055504   4.34121828 4.62693257 4.91264685 5.19836114
  5.48407542 5.76978971]
 [3.1568173  3.72824587 4.1594001  4.44511439 4.73082867 5.01654296
  5.30225724 5.58797153]
 [2.79318094 3.36460951 3.93603808 4.2632962  4.54901049 4.83472478
  5.12043906 5.40615335]
 [2.42954458 3.00097315 3.57240172 4.08147802 4.36719231 4.65290659
  4.93862088 5.27370351]
 [2.12788193 2.63733678 3.20876535 3.78019393 4.18537413 4.47108841
  4.7568027  5.18279442]
 [2.03697284 2.46554427 2.89411569 3.41655756 3.98798613 4.28927023
  4.6633139  5.09188533]
 [1.94606375 2.37463518 2.8032066  3.23177803 3.66034946 4.14383338
  4.57240481 5.00097624]
 [1.85515466 2.28372608 2.71229751 3.14086894 3.56944037 4.00617834
  4.48149572 4.91006715]
 [1.76424556 2.19281699 2.62138842 3.04995985 3.47853128 3.90710271
  4.39058663 4.81915805]
 [1.67333647 2.1019079  2.53047933 2.95905076 3.38762219 3.81619362
  4.24476505 4.72824896]
 [1.60673667 2.01099881 2.43957024 2.86814167 3.2967131  3.72528453
  4.15385595 4.60358094]
 [1.60673667 1.92008972 2.34866115 2.77723258 3.20580401 3.63437543
  4.06294686 4.49151829]]