[[-0.10489634 -0.10489634 -0.10489634 -0.10489634 -0.15269376 -0.2955509
  -0.34837953 -0.34837953]
 [-0.10489634 -0.10489634 -0.10489634 -0.10489634 -0.10489634 -0.20464181
  -0.34749895 -0.34837953]
 [-0.10489634 -0.10489634 -0.10489634 -0.10489634 -0.10489634 -0.11373272
  -0.25658986 -0.34837953]
 [-0.10489634 -0.10489634 -0.10489634 -0.10489634 -0.10489634 -0.10489634
  -0.16568077 -0.30853792]
 [-0.10489634 -0.10489634 -0.10489634 -0.10489634 -0.10489634 -0.10489634
  -0.10489634 -0.21762882]
 [-0.10489634 -0.10489634 -0.10489634 -0.10489634 -0.10489634 -0.10489634
  -0.10489634 -0.12671973]
 [-0.10489634 -0.10489634 -0.10489634 -0.10489634 -0.10489634 -0.10489634
  -0.10489634 -0.10489634]
 [-0.10489634 -0.10489634 -0.10489634 -0.10489634 -0.10489634 -0.10489634
  -0.10489634 -0.10489634]
 [-0.17805195 -0.10489634 -0.10489634 -0.10489634 -0.10489634 -0.10489634
  -0.10489634 -0.10489634]
 [-0.26896104 -0.1261039  -0.10489634 -0.10489634 -0.10489634 -0.10489634
  -0.10489634 -0.10489634]
 [-0.35987013 -0.21701299 -0.10489634 -0.10489634 -0.10489634 -0.10489634
  -0.10489634 -0.10489634]
 [-0.45077922 -0.30792208 -0.16506494 -0.10489634 -0.10489634 -0.10489634
  -0.10489634 -0.10489634]]