[[ 0.00414644  0.00414644  0.00414644  0.00414644  0.00414644  0.00414644
   0.00414644  0.00414644]
 [ 0.18596462  0.00414644  0.00414644  0.00414644  0.00414644  0.00414644
   0.00414644 -0.17767174]
 [ 0.3677828   0.08206852  0.00414644  0.00414644  0.00414644  0.00414644
  -0.07377564 -0.35948993]
 [ 0.54960098  0.2638867   0.00414644  0.00414644  0.00414644  0.00414644
  -0.25559382 -0.54130811]
 [ 0.73141917  0.44570488  0.15999059  0.00414644  0.00414644 -0.15169772
  -0.437412   -0.72312629]
 [ 0.91323735  0.62752306  0.34180878  0.05609449 -0.04780161 -0.3335159
  -0.61923019 -0.90494447]
 [ 1.09505553  0.80934124  0.52362696  0.23791267 -0.2296198  -0.51533408
  -0.80104837 -1.08676265]
 [ 1.26645672  0.99115943  0.70544514  0.28986072 -0.28156785 -0.69715226
  -0.98286655 -1.26858083]
 [ 1.26645672  1.17297761  0.8612893   0.28986072 -0.28156785 -0.85299642
  -1.16468473 -1.45039902]
 [ 1.26645672  1.26645672  0.8612893   0.28986072 -0.28156785 -0.85299642
  -1.34650291 -1.6322172 ]
 [ 1.26645672  1.26645672  0.8612893   0.28986072 -0.28156785 -0.85299642
  -1.42442499 -1.81403538]
 [ 1.26645672  1.26645672  0.8612893   0.28986072 -0.28156785 -0.85299642
  -1.42442499 -1.99585356]]