[[ 0.19181862  0.4518546   0.73756889  0.82100751  0.82100751  0.82100751
   0.82100751  0.82100751]
 [ 0.16614032  0.4518546   0.73756889  0.82100751  0.82100751  0.82100751
   0.82100751  0.82100751]
 [ 0.16614032  0.4518546   0.73756889  0.82100751  0.82100751  0.82100751
   0.82100751  0.82100751]
 [ 0.16614032  0.4518546   0.73756889  0.82100751  0.82100751  0.82100751
   0.82100751  0.82100751]
 [ 0.16614032  0.4518546   0.73756889  0.82100751  0.82100751  0.82100751
   0.82100751  0.82100751]
 [ 0.16614032  0.4518546   0.73756889  0.82100751  0.82100751  0.82100751
   0.82100751  0.82100751]
 [ 0.16614032  0.4518546   0.73756889  0.82100751  0.82100751  0.82100751
   0.82100751  0.82100751]
 [ 0.16614032  0.4518546   0.73756889  0.82100751  0.82100751  0.82100751
   0.82100751  0.82100751]
 [ 0.12521611  0.4518546   0.73756889  0.82100751  0.82100751  0.82100751
   0.82100751  0.82100751]
 [ 0.03430701  0.4518546   0.73756889  0.82100751  0.82100751  0.82100751
   0.82100751  0.82100751]
 [-0.05660208  0.37196935  0.73756889  0.82100751  0.82100751  0.82100751
   0.82100751  0.82100751]
 [-0.14751117  0.28106026  0.70963169  0.82100751  0.82100751  0.82100751
   0.82100751  0.82100751]]