[[-4.83528322 -3.69242608 -2.54956894 -1.40671179 -0.86664586 -0.58093158
  -0.29521729 -0.00950301]
 [-4.83528322 -3.69242608 -2.54956894 -1.40671179 -0.68482768 -0.3991134
  -0.11339911 -0.00950301]
 [-4.83528322 -3.69242608 -2.54956894 -1.40671179 -0.5030095  -0.21729521
  -0.00950301 -0.00950301]
 [-4.83528322 -3.69242608 -2.54956894 -1.40671179 -0.32119132 -0.03547703
  -0.00950301 -0.00950301]
 [-4.83528322 -3.69242608 -2.54956894 -1.40671179 -0.26385465 -0.00950301
  -0.00950301 -0.00950301]
 [-4.83528322 -3.69242608 -2.54956894 -1.40671179 -0.36775075 -0.00950301
  -0.00950301 -0.00950301]
 [-4.83528322 -3.69242608 -2.54956894 -1.40671179 -0.73138712 -0.15995855
  -0.00950301 -0.00950301]
 [-4.83528322 -3.69242608 -2.54956894 -1.66645205 -1.09502348 -0.52359491
  -0.00950301 -0.00950301]
 [-4.83528322 -3.69242608 -2.60151699 -2.03008842 -1.45865984 -0.88723127
  -0.3158027  -0.00950301]
 [-4.83528322 -3.69242608 -2.96515335 -2.39372478 -1.82229621 -1.25086764
  -0.67943907 -0.10801049]
 [-4.83528322 -3.90021829 -3.32878972 -2.75736114 -2.18593257 -1.614504
  -1.04307543 -0.47164686]
 [-4.83528322 -4.26385465 -3.69242608 -3.12099751 -2.54956894 -1.97814036
  -1.40671179 -0.83528322]]