[[-1.50191462 -1.50191462 -1.50191462 -1.50191462 -1.11983457 -0.548406
   0.02302257  0.59445114]
 [-1.50191462 -1.50191462 -1.50191462 -1.50191462 -1.11983457 -0.548406
   0.02302257  0.23081478]
 [-1.50191462 -1.50191462 -1.50191462 -1.50191462 -1.11983457 -0.548406
  -0.13282159 -0.13282159]
 [-1.46359012 -1.46359012 -1.46359012 -1.46359012 -1.08151007 -0.5100815
  -0.45813345 -0.45813345]
 [-1.09995376 -1.09995376 -1.09995376 -1.09995376 -0.71787371 -0.45813345
  -0.45813345 -0.45813345]
 [-0.7363174  -0.7363174  -0.7363174  -0.7363174  -0.45813345 -0.45813345
  -0.45813345 -0.45813345]
 [-0.37268103 -0.37268103 -0.37268103 -0.37268103 -0.37268103 -0.37268103
  -0.37268103 -0.37268103]
 [-0.00904467 -0.00904467 -0.00904467 -0.00904467 -0.00904467 -0.00904467
  -0.00904467 -0.00904467]
 [ 0.35459169  0.35459169  0.35459169  0.35459169  0.35459169  0.35459169
   0.35459169  0.35459169]
 [ 0.71822806  0.71822806  0.71822806  0.71822806  0.71822806  0.71822806
   0.71822806  0.71822806]
 [ 1.08186442  1.08186442  1.08186442  1.08186442  1.08186442  1.08186442
   1.08186442  1.08186442]
 [ 1.44550079  1.44550079  1.44550079  1.44550079  1.44550079  1.44550079
   1.44550079  1.44550079]]