[[-0.46743727 -0.32458013 -0.0404681   0.18591228  0.18591228  0.18591228
   0.18591228  0.18591228]
 [-0.37652818 -0.23367104 -0.02069951  0.20568087  0.20228571  0.18591228
   0.18591228  0.18591228]
 [-0.28561909 -0.12459561  0.16111867  0.38749905  0.38749905  0.33215584
   0.1892987   0.18591228]
 [-0.19471     0.05722257  0.34293685  0.56931723  0.56931723  0.56931723
   0.46202597  0.31916883]
 [-0.04667354  0.23904075  0.52475504  0.67161108  0.75113542  0.75113542
   0.73475324  0.5918961 ]
 [ 0.13514465  0.42085893  0.61966302  0.76252017  0.90537731  0.9329536
   0.9329536   0.86462337]
 [ 0.31696283  0.56771497  0.71057212  0.85342926  0.9962864   1.11477178
   1.11477178  1.11477178]
 [ 0.49878101  0.65862406  0.80148121  0.94433835  1.08719549  1.23005264
   1.29658996  1.29658996]
 [ 0.60667601  0.74953315  0.8923903   1.03524744  1.17810458  1.32096173
   1.46381887  1.47840814]
 [ 0.6975851   0.84044225  0.98329939  1.12615653  1.26901367  1.41187082
   1.55472796  1.66022632]
 [ 0.78849419  0.93135134  1.07420848  1.21706562  1.35992276  1.50277991
   1.64563705  1.78849419]
 [ 0.87940328  1.02226043  1.16511757  1.30797471  1.45083186  1.593689
   1.73654614  1.87940328]]