[[ 0.48632888  0.48632888  0.48632888  0.48632888  0.34561235  0.2027552
   0.05989806 -0.08295908]
 [ 0.48632888  0.48632888  0.48632888  0.3975604   0.25470325  0.11184611
  -0.03101103 -0.17386817]
 [ 0.48632888  0.48632888  0.4837716   0.30665131  0.16379416  0.02093702
  -0.12192012 -0.26477726]
 [ 0.48632888  0.48632888  0.35859936  0.21574222  0.07288507 -0.06997207
  -0.21282921 -0.35568636]
 [ 0.48632888  0.41054741  0.26769027  0.12483312 -0.01802402 -0.16088116
  -0.3037383  -0.38813737]
 [ 0.48632888  0.31963832  0.17678118  0.03392403 -0.10893311 -0.25179025
  -0.38813737 -0.38813737]
 [ 0.37158637  0.22872923  0.08587209 -0.05698506 -0.1998422  -0.34269934
  -0.38813737 -0.38813737]
 [ 0.28067728  0.13782014 -0.005037   -0.14789415 -0.29075129 -0.38813737
  -0.38813737 -0.38813737]
 [ 0.18976819  0.04691105 -0.0959461  -0.23880324 -0.38166038 -0.38813737
  -0.38813737 -0.38813737]
 [ 0.0988591  -0.04399804 -0.18685519 -0.32971233 -0.38813737 -0.38813737
  -0.38813737 -0.38813737]
 [ 0.00795001 -0.13490713 -0.27776428 -0.38813737 -0.38813737 -0.38813737
  -0.38813737 -0.38813737]
 [-0.08295908 -0.22581623 -0.36867337 -0.38813737 -0.38813737 -0.38813737
  -0.38813737 -0.38813737]]