[[-0.94914916 -0.94914916 -0.94914916 -1.05507608 -1.62650466 -2.19793323
  -2.7693618  -3.34079037]
 [-0.94914916 -0.94914916 -0.94914916 -0.94914916 -1.26286829 -1.83429686
  -2.40572543 -2.97715401]
 [-0.92533143 -0.94914916 -0.94914916 -0.94914916 -0.94914916 -1.4706605
  -2.04208907 -2.61351764]
 [-0.74351325 -0.94914916 -0.94914916 -0.94914916 -0.94914916 -1.10702414
  -1.67845271 -2.24988128]
 [-0.56169507 -0.84740935 -0.94914916 -0.94914916 -0.94914916 -0.94914916
  -1.31481634 -1.88624491]
 [-0.44012428 -0.66559117 -0.94914916 -0.94914916 -0.94914916 -0.94914916
  -0.95117998 -1.52260855]
 [-0.44012428 -0.48377299 -0.76948727 -0.94914916 -0.94914916 -0.94914916
  -0.94914916 -1.15897219]
 [-0.44012428 -0.44012428 -0.58766909 -0.87338338 -0.94914916 -0.94914916
  -0.94914916 -0.94914916]
 [-0.44012428 -0.44012428 -0.44012428 -0.6915652  -0.94914916 -0.94914916
  -0.94914916 -0.94914916]
 [-0.44012428 -0.44012428 -0.44012428 -0.50974701 -0.7954613  -0.94914916
  -0.94914916 -0.94914916]
 [-0.44012428 -0.44012428 -0.44012428 -0.44012428 -0.61364312 -0.8993574
  -0.94914916 -0.94914916]
 [-0.44012428 -0.44012428 -0.44012428 -0.44012428 -0.44012428 -0.71753922
  -0.94914916 -0.94914916]]