[[0.5962454 0.5962454 0.5962454 0.5962454 0.5962454 0.5962454 0.5962454
  0.5962454]
 [0.5962454 0.5962454 0.5962454 0.5962454 0.5962454 0.5962454 0.5962454
  0.5962454]
 [0.5962454 0.5962454 0.5962454 0.5962454 0.5962454 0.5962454 0.5962454
  0.5962454]
 [0.5962454 0.5962454 0.5962454 0.5962454 0.5962454 0.5962454 0.5962454
  0.5962454]
 [0.5962454 0.5962454 0.5962454 0.5962454 0.5962454 0.5962454 0.5962454
  0.5962454]
 [0.5962454 0.5962454 0.5962454 0.5962454 0.5962454 0.5962454 0.5962454
  0.5962454]
 [0.5962454 0.5962454 0.5962454 0.5962454 0.5962454 0.5962454 0.5962454
  0.5962454]
 [0.5962454 0.5962454 0.5962454 0.5962454 0.5962454 0.5962454 0.5962454
  0.5962454]
 [0.5962454 0.5962454 0.5962454 0.5962454 0.5962454 0.5962454 0.5962454
  0.5962454]
 [0.5962454 0.5962454 0.5962454 0.5962454 0.5962454 0.5962454 0.5962454
  0.5962454]
 [0.5962454 0.5962454 0.5962454 0.5962454 0.5962454 0.5962454 0.5962454
  0.5962454]
 [0.5962454 0.5962454 0.5962454 0.5962454 0.5962454 0.5962454 0.5962454
  0.5962454]]