[[-0.21336528 -0.21336528 -0.21336528 -0.21336528 -0.21336528 -0.21336528
  -0.21336528 -0.21336528]
 [-0.21336528 -0.21336528 -0.21336528 -0.21336528 -0.21336528 -0.21336528
  -0.21336528 -0.21336528]
 [-0.21336528 -0.21336528 -0.21336528 -0.21336528 -0.21336528 -0.21336528
  -0.21336528 -0.21336528]
 [-0.21336528 -0.21336528 -0.21336528 -0.21336528 -0.21336528 -0.21336528
  -0.21336528 -0.21336528]
 [-0.21336528 -0.21336528 -0.21336528 -0.21336528 -0.21336528 -0.21336528
  -0.21336528 -0.21336528]
 [-0.21336528 -0.21336528 -0.21336528 -0.21336528 -0.21336528 -0.21336528
  -0.21336528 -0.21336528]
 [-0.21336528 -0.21336528 -0.21336528 -0.21336528 -0.21336528 -0.21336528
  -0.21336528 -0.21336528]
 [-0.21336528 -0.21336528 -0.21336528 -0.21336528 -0.21336528 -0.21336528
  -0.21336528 -0.21336528]
 [-0.21336528 -0.21336528 -0.21336528 -0.21336528 -0.21336528 -0.21336528
  -0.21336528 -0.21336528]
 [-0.21336528 -0.21336528 -0.21336528 -0.21336528 -0.21336528 -0.21336528
  -0.21336528 -0.21336528]
 [-0.21336528 -0.21336528 -0.21336528 -0.21336528 -0.21336528 -0.21336528
  -0.21336528 -0.21336528]
 [-0.21336528 -0.21336528 -0.21336528 -0.21336528 -0.21336528 -0.21336528
  -0.21336528 -0.21336528]]