[[0.94564566 0.94564566 0.94564566 0.94564566 0.94564566 0.94564566
  0.94564566 0.94564566]
 [0.94564566 0.94564566 0.94564566 0.94564566 0.94564566 0.94564566
  0.94564566 0.94564566]
 [0.94564566 0.94564566 0.94564566 0.94564566 0.94564566 0.94564566
  0.94564566 0.94564566]
 [0.94564566 0.94564566 0.94564566 0.94564566 0.94564566 0.94564566
  0.94564566 0.94564566]
 [0.94564566 0.94564566 0.94564566 0.94564566 0.94564566 0.94564566
  0.94564566 0.94564566]
 [0.94564566 0.94564566 0.94564566 0.94564566 0.94564566 0.94564566
  0.94564566 0.94564566]
 [0.94564566 0.94564566 0.94564566 0.94564566 0.94564566 0.94564566
  0.94564566 0.94564566]
 [0.94564566 0.94564566 0.94564566 0.94564566 0.94564566 0.94564566
  0.94564566 0.94564566]
 [0.94564566 0.94564566 0.94564566 0.94564566 0.94564566 0.94564566
  0.94564566 0.94564566]
 [0.94564566 0.94564566 0.94564566 0.94564566 0.94564566 0.94564566
  0.94564566 0.94564566]
 [0.94564566 0.94564566 0.94564566 0.94564566 0.94564566 0.94564566
  0.94564566 0.94564566]
 [0.94564566 0.94564566 0.94564566 0.94564566 0.94564566 0.94564566
  0.94564566 0.94564566]]