[[0.78018852 0.78018852 0.78018852 0.87003772 0.90217904 0.90217904
  0.90217904 0.90217904]
 [0.78018852 0.78018852 0.78018852 0.78018852 0.90217904 0.90217904
  0.90217904 0.90217904]
 [0.78018852 0.78018852 0.78018852 0.78018852 0.83107668 0.90217904
  0.90217904 0.90217904]
 [0.78018852 0.78018852 0.78018852 0.78018852 0.78018852 0.88302474
  0.90217904 0.90217904]
 [0.78018852 0.78018852 0.78018852 0.78018852 0.78018852 0.79211565
  0.90217904 0.90217904]
 [0.69846348 0.78018852 0.78018852 0.78018852 0.78018852 0.78018852
  0.8440637  0.90217904]
 [0.60755439 0.75041153 0.78018852 0.78018852 0.78018852 0.78018852
  0.78018852 0.89601175]
 [0.51664529 0.65950244 0.78018852 0.78018852 0.78018852 0.78018852
  0.78018852 0.80510266]
 [0.4257362  0.56859335 0.71145049 0.78018852 0.78018852 0.78018852
  0.78018852 0.78018852]
 [0.37403915 0.47768426 0.6205414  0.76339854 0.78018852 0.78018852
  0.78018852 0.78018852]
 [0.44783579 0.38677516 0.52963231 0.67248945 0.78018852 0.78018852
  0.78018852 0.78018852]
 [0.62965397 0.37403915 0.43872322 0.58158036 0.7244375  0.78018852
  0.78018852 0.78018852]]