[[-0.49209223 -0.49209223 -0.49209223 -0.49209223 -0.49209223 -0.49209223
  -0.49209223 -0.49209223]
 [-0.49209223 -0.49209223 -0.49209223 -0.49209223 -0.49209223 -0.49209223
  -0.49209223 -0.12845586]
 [-0.49209223 -0.49209223 -0.49209223 -0.49209223 -0.49209223 -0.49209223
  -0.33624807  0.2351805 ]
 [-0.49209223 -0.49209223 -0.49209223 -0.49209223 -0.49209223 -0.49209223
   0.02738829  0.59881687]
 [-0.49209223 -0.49209223 -0.49209223 -0.49209223 -0.49209223 -0.18040391
   0.39102466  0.96245323]
 [-0.49209223 -0.49209223 -0.49209223 -0.49209223 -0.38819612  0.18323245
   0.75466102  1.32608959]
 [-0.49209223 -0.49209223 -0.49209223 -0.49209223 -0.02455976  0.54686881
   1.11829738  1.68972596]
 [-0.49209223 -0.49209223 -0.49209223 -0.23235197  0.33907661  0.91050518
   1.48193375  2.05336232]
 [-0.49209223 -0.49209223 -0.44014417  0.1312844   0.70271297  1.27414154
   1.84557011  2.41699868]
 [-0.49209223 -0.49209223 -0.07650781  0.49492076  1.06634933  1.6377779
   2.20920648  2.78063505]
 [-0.49209223 -0.28430002  0.28712855  0.85855713  1.4299857   2.00141427
   2.57284284  3.14427141]
 [-0.49209223  0.07933635  0.65076492  1.22219349  1.79362206  2.36505063
   2.9364792   3.50790777]]