[[-1.02476345 -0.47939121 -0.19367693  0.09203736  0.23689928  0.23689928
   0.23689928  0.23689928]
 [-1.02476345 -0.45333488 -0.01185875  0.23689928  0.23689928  0.23689928
   0.23689928  0.23689928]
 [-1.01669235 -0.45333488  0.1180937   0.23689928  0.23689928  0.23689928
   0.23689928  0.23689928]
 [-0.83487417 -0.45333488  0.1180937   0.23689928  0.23689928  0.23689928
   0.23689928  0.23689928]
 [-0.65305599 -0.3673417   0.03690379  0.23689928  0.23689928  0.23689928
   0.23689928  0.23689928]
 [-0.47123781 -0.18552352 -0.14491439  0.14079989  0.23689928  0.23689928
   0.23689928  0.06991639]
 [-0.28941963 -0.16281733 -0.16281733 -0.04101829  0.23689928  0.23689928
   0.17381249 -0.1119018 ]
 [-0.16281733 -0.16281733 -0.16281733 -0.16281733  0.06287781  0.1738948
  -0.00800569 -0.29371998]
 [-0.16281733 -0.16281733 -0.16281733 -0.16281733 -0.18974156 -0.18974156
  -0.18982387 -0.47553816]
 [-0.16281733 -0.16281733 -0.16281733 -0.16281733 -0.4154367  -0.55337793
  -0.55337793 -0.65735634]
 [-0.16281733 -0.16281733 -0.16281733 -0.3115406  -0.59725488 -0.88296917
  -0.91701429 -0.91701429]
 [-0.16281733 -0.16281733 -0.20764449 -0.49335878 -0.77907307 -1.06478735
  -1.28065065 -1.28065065]]