[[-2.43500914 -1.86358057 -1.292152   -0.72072343 -0.14929485  0.42213372
   0.5548519   0.5548519 ]
 [-1.70773641 -1.49994421 -0.92851563 -0.35708706  0.21434151  0.78577008
   0.91848826  0.73667008]
 [-1.35474085 -1.06902656 -0.57552007 -0.00409149  0.56733708  1.13876565
   1.20420254  0.91848826]
 [-1.17292266 -0.88720838 -0.57552007 -0.00409149  0.56733708  1.13876565
   1.27148383  1.10030644]
 [-0.99110448 -0.7053902  -0.41967591 -0.00409149  0.56733708  0.98292149
   1.26863578  1.27148383]
 [-0.8092863  -0.52357201 -0.23785773  0.04785656  0.51538902  0.80110331
   1.0868176   1.27148383]
 [-0.62746812 -0.34175383 -0.05603955  0.22967474  0.33357084  0.61928513
   0.90499941  1.1907137 ]
 [-0.44564994 -0.15993565  0.12577863  0.28162279  0.28162279  0.43746695
   0.72318123  1.00889552]
 [-0.26383175  0.02188253  0.28162279  0.28162279  0.28162279  0.28162279
   0.54136305  0.82707734]
 [-0.08201357  0.20370071  0.28162279  0.28162279  0.28162279  0.28162279
   0.35954487  0.64525915]
 [ 0.09980461  0.28162279  0.28162279  0.28162279  0.28162279  0.28162279
   0.28162279  0.46344097]
 [ 0.28162279  0.28162279  0.28162279  0.28162279  0.28162279  0.28162279
   0.28162279  0.28162279]]