[[ 1.05601726  0.16363153 -0.53001822 -1.1014468  -1.67287537 -2.24430394
  -2.81573251 -3.38716108]
 [ 1.05601726  0.84822505 -0.16638186 -0.73781043 -1.309239   -1.88066758
  -2.45209615 -3.02352472]
 [ 1.05601726  1.05601726  0.47531984 -0.37417407 -0.94560264 -1.51703121
  -2.08845978 -2.65988835]
 [ 1.05601726  1.05601726  1.00406921  0.05973542 -0.58196628 -1.15339485
  -1.72482342 -2.29625199]
 [ 1.05601726  1.05601726  1.05601726  0.78700815 -0.21832991 -0.78975848
  -1.36118706 -1.93261563]
 [ 1.05601726  1.05601726  1.05601726  1.05601726  0.37142373 -0.42612212
  -0.99755069 -1.56897926]
 [ 1.05601726  1.05601726  1.05601726  1.05601726  0.95212115 -0.04416068
  -0.63391433 -1.2053429 ]
 [ 1.05601726  1.05601726  1.05601726  1.05601726  1.05601726  0.68311205
  -0.27027796 -0.84170654]
 [ 1.05601726  1.05601726  1.05601726  1.05601726  1.05601726  1.05601726
   0.26752763 -0.47807017]
 [ 1.05601726  1.05601726  1.05601726  1.05601726  1.05601726  1.05601726
   0.9001731  -0.11443381]
 [ 1.05601726  1.05601726  1.05601726  1.05601726  1.05601726  1.05601726
   1.05601726  0.57921594]
 [ 1.05601726  1.05601726  1.05601726  1.05601726  1.05601726  1.05601726
   1.05601726  1.05601726]]