[[5.90778881 5.90778881 5.90778881 5.90778881 5.90778881 5.90778881
  5.90778881 5.90778881]
 [5.18051608 5.18051608 5.18051608 5.18051608 5.18051608 5.18051608
  5.18051608 5.2881175 ]
 [4.45324335 4.45324335 4.45324335 4.45324335 4.45324335 4.45324335
  4.45324335 4.92448114]
 [3.73437099 3.72597062 3.72597062 3.72597062 3.72597062 3.72597062
  3.9894162  4.56084477]
 [3.37073463 2.9986979  2.9986979  2.9986979  2.9986979  3.05435127
  3.62577984 4.19720841]
 [3.00709827 2.4356697  2.27142517 2.27142517 2.27142517 2.6907149
  3.26214347 3.83357205]
 [2.67098142 2.09955285 1.54989812 1.54415244 1.75564997 2.32707854
  2.89850711 3.46993568]
 [2.67098142 2.09955285 1.52812428 1.08421831 1.3920136  1.96344218
  2.53487075 3.10629932]
 [2.67098142 2.09955285 1.52812428 1.14036655 1.11952904 1.59980581
  2.17123438 2.74266295]
 [2.67098142 2.09955285 1.60789902 1.32218473 1.08421831 1.23616945
  1.80759802 2.37902659]
 [2.67098142 2.09955285 1.7897172  1.50400291 1.21828863 1.08421831
  1.44396166 2.01539023]
 [2.67098142 2.25724967 1.97153538 1.6858211  1.40010681 1.11439252
  1.14550307 1.65175386]]