[[0.47390319 0.7423727  0.95951988 0.95951988 0.95951988 1.14230297
  1.42801725 1.71373154]
 [0.47390319 0.56055452 0.8462688  0.95951988 1.03840686 1.32412115
  1.60983543 1.89554972]
 [0.47390319 0.47390319 0.66445062 0.9501649  1.22022504 1.50593933
  1.79165362 1.98231018]
 [0.47390319 0.47390319 0.48263244 0.92515578 1.40204323 1.68775751
  1.9734718  1.98231018]
 [0.47390319 0.47390319 0.52681615 0.92515578 1.49658436 1.86957569
  1.98231018 1.98231018]
 [0.47390319 0.47390319 0.70863433 0.99434862 1.44411971 1.98231018
  1.98231018 2.01073854]
 [0.47390319 0.60473823 0.89045252 1.01107681 1.08048335 1.65191192
  1.98231018 2.3743749 ]
 [0.50084213 0.78655641 1.01107681 1.01107681 1.01107681 1.28827555
  2.04397664 2.73801127]
 [0.68266031 0.96837459 1.01107681 1.01107681 1.01107681 1.01107681
  2.04397664 3.10164763]
 [0.86447849 1.01107681 1.01107681 1.01107681 1.01107681 1.35119348
  2.04397664 3.18683379]
 [1.01107681 1.01107681 1.01107681 1.01107681 1.14340127 1.71482985
  2.28625842 3.18683379]
 [1.01107681 1.01107681 1.01107681 1.01107681 1.50703764 2.07846621
  2.64989478 3.22132335]]