[[0.59481391 0.73767105 0.88052819 1.02338534 1.25636739 1.53998136
  1.68283851 1.82569565]
 [0.50390482 0.64676196 0.7896191  0.9706531  1.25636739 1.54208167
  1.7737476  1.91660474]
 [0.41299573 0.55585287 0.69871001 0.9706531  1.25636739 1.54208167
  1.82779596 2.00751383]
 [0.32208664 0.46494378 0.68493881 0.9706531  1.25636739 1.54208167
  1.82779596 2.09842292]
 [0.25735353 0.39922453 0.68493881 0.9706531  1.25636739 1.54208167
  1.82779596 2.11351024]
 [0.25735353 0.39922453 0.68493881 0.9706531  1.25636739 1.54208167
  1.82779596 2.11351024]
 [0.25735353 0.39922453 0.68493881 0.9706531  1.25636739 1.54208167
  1.82779596 2.11351024]
 [0.25735353 0.39922453 0.68493881 0.9706531  1.25636739 1.54208167
  1.82779596 2.11351024]
 [0.25735353 0.39922453 0.68493881 0.9706531  1.25636739 1.54208167
  1.82779596 2.11351024]
 [0.25735353 0.39922453 0.68493881 0.9706531  1.25636739 1.54208167
  1.82779596 2.11351024]
 [0.25735353 0.39922453 0.68493881 0.9706531  1.25636739 1.54208167
  1.82779596 2.11351024]
 [0.25735353 0.39922453 0.68493881 0.9706531  1.25636739 1.54208167
  1.82779596 2.11351024]]