[[-1.60120237 -1.60120237 -1.60120237 -1.60120237 -1.60120237 -1.52448012
  -0.95305155 -0.38162298]
 [-1.60120237 -1.60120237 -1.60120237 -1.60120237 -1.60120237 -1.52448012
  -0.95305155 -0.74525934]
 [-1.60120237 -1.60120237 -1.60120237 -1.60120237 -1.60120237 -1.52448012
  -1.1088957  -1.1088957 ]
 [-1.60120237 -1.60120237 -1.60120237 -1.60120237 -1.60120237 -1.52448012
  -1.47253207 -1.47253207]
 [-1.60120237 -1.60120237 -1.60120237 -1.60120237 -1.60120237 -1.60120237
  -1.60120237 -1.60120237]
 [-1.60120237 -1.60120237 -1.60120237 -1.60120237 -1.60120237 -1.60120237
  -1.60120237 -1.60120237]
 [-1.60120237 -1.60120237 -1.60120237 -1.60120237 -1.60120237 -1.60120237
  -1.60120237 -1.60120237]
 [-1.60120237 -1.60120237 -1.60120237 -1.60120237 -1.60120237 -1.60120237
  -1.60120237 -1.60120237]
 [-1.47253207 -1.47253207 -1.52448012 -1.60120237 -1.60120237 -1.60120237
  -1.60120237 -1.60120237]
 [-1.1088957  -1.1088957  -1.52448012 -1.60120237 -1.60120237 -1.60120237
  -1.60120237 -1.60120237]
 [-0.74525934 -0.95305155 -1.52448012 -1.60120237 -1.60120237 -1.60120237
  -1.60120237 -1.60120237]
 [-0.27839212 -0.84982069 -1.42124927 -1.49797152 -1.49797152 -1.49797152
  -1.49797152 -1.49797152]]