[[ 0.35220005 -0.21922852 -0.79065709 -1.36208566 -1.93351423 -2.5049428
  -3.07637137 -3.64779995]
 [ 0.17038187  0.14440785 -0.42702073 -0.9984493  -1.56987787 -2.14130644
  -2.71273501 -3.1023454 ]
 [-0.01143631  0.27427798 -0.06338436 -0.63481293 -1.2062415  -1.77767008
  -2.27117657 -2.55689086]
 [-0.19325449  0.09245979  0.300252   -0.27117657 -0.84260514 -1.41403371
  -1.72572202 -2.01143631]
 [-0.37090262 -0.08935839  0.1963559   0.09245979 -0.47896878 -0.89455319
  -1.18026748 -1.46181171]
 [-0.37090262 -0.27117657  0.01453772  0.300252   -0.06338436 -0.34909865
  -0.63481293 -0.73453898]
 [-0.37090262 -0.37090262 -0.16728047  0.11843382  0.48207018  0.1963559
  -0.00726625 -0.00726625]
 [-0.37090262 -0.37090262 -0.34909865  0.06648577  0.63791434  0.74181044
   0.72000647  0.72000647]
 [-0.37090262 -0.37090262 -0.31895457  0.25247401  0.82390258  1.06282275
   1.32256301  1.4472792 ]
 [-0.37090262 -0.37090262  0.0446818   0.61611037  1.18753894  1.42645911
   1.50438119  1.79009548]
 [-0.37090262 -0.16311041  0.40831816  0.97974673  1.5511753   1.79009548
   1.79009548  1.97191366]
 [-0.37090262  0.20052595  0.77195453  1.3433831   1.91481167  2.15373184
   2.15373184  2.15373184]]