[[ 0.71181631  0.14038774 -0.43104083 -1.0024694  -1.57389797 -2.14532655
  -2.71675512 -3.28818369]
 [ 0.52999813  0.14038774 -0.43104083 -1.0024694  -1.57389797 -2.14532655
  -2.71675512 -3.10636551]
 [ 0.34817995  0.06246566 -0.43104083 -1.0024694  -1.57389797 -2.14532655
  -2.63883304 -2.92454732]
 [ 0.16636177 -0.11935252 -0.43104083 -1.0024694  -1.57389797 -2.14532655
  -2.45701486 -2.74272914]
 [-0.01545642 -0.3011707  -0.58688499 -1.0024694  -1.57389797 -1.98948239
  -2.27519668 -2.56091096]
 [-0.1972746  -0.48298888 -0.76870317 -1.29047708 -1.75800955 -1.80766421
  -2.09337849 -2.37909278]
 [-0.37909278 -0.66480706 -1.08268487 -1.65411345 -1.75800955 -1.75800955
  -1.91156031 -2.1972746 ]
 [-0.56091096 -0.87489267 -1.44632124 -1.75800955 -1.75800955 -1.75800955
  -1.75800955 -2.01545642]
 [-0.74272914 -1.23852903 -1.75800955 -1.75800955 -1.75800955 -1.75800955
  -1.75800955 -1.83363823]
 [-1.03073682 -1.60216539 -1.75800955 -1.75800955 -1.75800955 -1.75800955
  -1.75800955 -1.75800955]
 [-1.39437319 -1.75800955 -1.75800955 -1.75800955 -1.75800955 -1.75800955
  -1.75800955 -1.75800955]
 [-1.75800955 -1.75800955 -1.75800955 -1.75800955 -1.75800955 -1.75800955
  -1.75800955 -1.75800955]]