[[1.98355165 1.83078692 2.1165012  2.40221549 2.68792978 2.97364406
  3.32688586 3.75545729]
 [1.80173346 1.87369359 2.1165012  2.40221549 2.68792978 2.98922352
  3.41779495 3.84636638]
 [1.82174554 1.96460269 2.1165012  2.40221549 2.68792978 3.08013261
  3.50870404 3.93727547]
 [1.91265463 2.05551178 2.19836892 2.40221549 2.74247028 3.1710417
  3.59961313 4.02818456]
 [2.00356372 2.14642087 2.28927801 2.4347276  2.83337937 3.2619508
  3.69052222 4.11909365]
 [2.09447282 2.23732996 2.3801871  2.61654578 2.92428846 3.35285989
  3.78143131 4.21000274]
 [2.18538191 2.32823905 2.51264968 2.79836396 3.08407825 3.44376898
  3.87234041 4.30091183]
 [2.276291   2.41914814 2.69446786 2.98018215 3.26589643 3.55161072
  3.9632495  4.39182092]
 [2.36720009 2.59057176 2.87628604 3.16200033 3.44771461 3.7334289
  4.05415859 4.48273002]
 [2.48667565 2.77238994 3.05810422 3.34381851 3.6295328  3.91524708
  4.20096137 4.57363911]
 [2.66849384 2.95420812 3.23992241 3.52563669 3.81135098 4.09706526
  4.38277955 4.66849384]
 [2.85031202 3.1360263  3.42174059 3.70745487 3.99316916 4.27888345
  4.56459773 4.85031202]]