[[0.41653558 0.41653558 0.41653558 0.41653558 0.41653558 0.41653558
  0.55490967 1.34245455]
 [0.41653558 0.41653558 0.41653558 0.41653558 0.41653558 0.41653558
  0.55490967 1.34245455]
 [0.41653558 0.41653558 0.41653558 0.41653558 0.41653558 0.41653558
  0.55490967 1.34245455]
 [0.41653558 0.41653558 0.41653558 0.41653558 0.41653558 0.41653558
  0.50727663 1.34245455]
 [0.41653558 0.41653558 0.41653558 0.41653558 0.41653558 0.41653558
  0.41653558 1.34245455]
 [0.41653558 0.41653558 0.41653558 0.41653558 0.41653558 0.41653558
  0.50326039 1.34245455]
 [0.41653558 0.41653558 0.41653558 0.41653558 0.41653558 0.41653558
  0.86689676 1.33465693]
 [0.41653558 0.41653558 0.41653558 0.41653558 0.41653558 0.65910455
  1.15763239 1.44334668]
 [0.52598561 0.52598561 0.52598561 0.6255667  0.91128099 1.19699527
  1.33945057 1.62516486]
 [0.88962197 0.88962197 0.88962197 1.17102125 1.45673553 1.59162701
  1.59162701 1.80698304]
 [1.25325833 1.25325833 1.43076151 1.71647579 1.95526337 1.95526337
  1.95526337 1.98880122]
 [1.6168947  1.69050177 1.97621605 2.26193034 2.31889974 2.31889974
  2.31889974 2.31889974]]