[[-3.72307581 -3.15164724 -2.58021867 -2.0087901  -1.43736152 -0.87245463
  -0.87245463 -0.87245463]
 [-3.72307581 -3.15164724 -2.58021867 -2.0087901  -1.27625445 -0.87245463
  -0.87245463 -0.87245463]
 [-3.72307581 -3.15164724 -2.58021867 -1.95157913 -1.09443627 -0.87245463
  -0.87245463 -0.87245463]
 [-3.72307581 -3.15164724 -2.58021867 -1.76976095 -0.91261809 -0.87245463
  -0.87245463 -0.87245463]
 [-3.64655081 -3.15164724 -2.44508562 -1.58794276 -0.87245463 -0.87245463
  -0.87245463 -0.87245463]
 [-3.46473263 -3.1204103  -2.26326744 -1.40612458 -0.87245463 -0.87245463
  -0.87245463 -0.87245463]
 [-3.28291444 -2.78414503 -2.08144926 -1.2243064  -0.87245463 -0.87245463
  -0.87245463 -0.87245463]
 [-2.99193724 -2.42050867 -1.8490801  -1.04248822 -0.87245463 -0.87245463
  -0.87245463 -0.87245463]
 [-2.62830088 -2.05687231 -1.48544374 -0.87245463 -0.87245463 -0.87245463
  -0.87245463 -0.87245463]
 [-2.26466451 -1.69323594 -1.12180737 -0.87245463 -0.87245463 -0.87245463
  -0.87245463 -0.87245463]
 [-1.90102815 -1.32959958 -0.87245463 -0.87245463 -0.87245463 -0.87245463
  -0.87245463 -0.87245463]
 [-1.53739179 -0.96596322 -0.87245463 -0.87245463 -0.87245463 -0.87245463
  -0.87245463 -0.87245463]]