[[-1.48790374 -1.48790374 -1.4027304  -1.28184208 -1.28184208 -1.28184208
  -1.72241622 -2.71027317]
 [-1.12426738 -1.12426738 -1.12426738 -0.93519793 -0.91820572 -0.91820572
  -1.56741603 -2.71027317]
 [-0.76063101 -0.76063101 -0.76063101 -0.75337975 -0.55456935 -0.55499134
  -1.56741603 -2.71027317]
 [-0.39699465 -0.39699465 -0.39699465 -0.39699465 -0.28584728 -0.42455888
  -1.56741603 -2.71027317]
 [-0.03335829 -0.03335829 -0.03335829 -0.03335829 -0.11170235 -0.42455888
  -1.56741603 -2.71027317]
 [ 0.33027808  0.33027808  0.33027808  0.33027808  0.07011583 -0.77023162
  -1.56741603 -2.71027317]
 [ 0.69391444  0.69391444  0.69391444  0.5376483   0.25193402 -0.8366822
  -1.70529655 -2.71027317]
 [ 0.7817697   0.7817697   0.7817697   0.71946648  0.30617494 -0.8366822
  -1.97953935 -2.71027317]
 [ 0.7817697   0.7817697   0.7817697   0.7817697   0.30617494 -0.8366822
  -1.97953935 -3.00399785]
 [ 0.7817697   0.7817697   0.7817697   0.7817697   0.30617494 -0.8366822
  -1.97953935 -3.12239649]
 [ 0.7817697   0.7817697   0.7817697   0.7817697   0.30617494 -0.8366822
  -1.97953935 -3.12239649]
 [ 0.7817697   0.7817697   0.7817697   0.7817697   0.30617494 -0.8366822
  -1.97953935 -3.12239649]]