[[0.2604802  0.2604802  0.57307971 1.14450828 1.71593685 2.02375036
  2.30946465 2.72712928]
 [0.2604802  0.2604802  0.57307971 1.14450828 1.5562179  1.84193218
  2.15570071 2.72712928]
 [0.2604802  0.35470421 0.6404185  1.08868543 1.37439971 1.660114
  2.15570071 2.72712928]
 [0.2604802  0.5365224  0.82223668 0.90686725 1.19258153 1.58427214
  2.15570071 2.72712928]
 [0.43262629 0.71834058 0.87030994 0.87030994 1.01284357 1.58427214
  2.15570071 2.72712928]
 [0.71752566 0.87030994 0.87030994 0.87030994 1.05420834 1.58427214
  2.15570071 2.72712928]
 [1.08116202 0.87030994 0.87030994 0.95031223 1.23602652 1.58427214
  2.15570071 2.72712928]
 [1.33702748 1.0513132  0.87030994 1.13213041 1.4178447  1.70355898
  2.15570071 2.72712928]
 [1.51884566 1.23313138 1.10534147 1.3139486  1.59966288 1.88537717
  2.17109145 2.72712928]
 [1.70066385 1.46897783 1.46897783 1.49576678 1.78148106 2.06719535
  2.35290963 2.72712928]
 [1.88248203 1.83261419 1.83261419 1.83261419 1.96329924 2.24901353
  2.53472782 2.8204421 ]
 [2.19625056 2.19625056 2.19625056 2.19625056 2.19625056 2.43083171
  2.716546   3.00226028]]