[[ 2.32063389  2.32063389  2.32063389  2.32063389  2.32063389  2.32063389
   2.32063389  2.32063389]
 [ 1.95699753  1.95699753  1.95699753  1.95699753  1.95699753  1.95699753
   1.95699753  1.95699753]
 [ 1.59336116  1.59336116  1.59336116  1.59336116  1.59336116  1.59336116
   1.59336116  1.59336116]
 [ 1.23219652  1.2297248   1.2297248   1.2297248   1.2297248   1.2297248
   1.2297248   1.31838427]
 [ 1.05037834  0.86608844  0.86608844  0.86608844  0.86608844  0.86608844
   0.86608844  1.31838427]
 [ 0.86856016  0.58284587  0.50245207  0.50245207  0.50245207  0.50245207
   0.74695569  1.31838427]
 [ 0.68674198  0.40102769  0.13881571  0.13881571  0.13881571  0.17552712
   0.74695569  1.46864641]
 [ 0.5049238   0.21920951  0.02404601  0.02404601  0.02404601  0.17552712
   0.74882144  1.32025001]
 [ 0.32310561  0.03739133  0.02404601 -0.24687761 -0.33772462 -0.1862435
   0.38518507  0.95661364]
 [ 0.14128743  0.02404601 -0.1429815  -0.43929109 -0.70136098 -0.54987986
   0.02154871  0.59297728]
 [ 0.02404601 -0.0390854  -0.32479969 -0.6469412  -0.9530475  -0.91351623
  -0.34208766  0.22934092]
 [ 0.02404601 -0.22090358 -0.5430451  -0.82875938 -1.22026109 -1.22026109
  -0.70572402 -0.13429545]]