[[ 2.02334202  1.73762774  1.45191345  1.16619916  0.88048488  0.59477059
   0.30905631  0.30338363]
 [ 1.84152384  1.55580955  1.27009527  0.98438098  0.6986667   0.41295241
   0.30338363  0.43789552]
 [ 1.65970566  1.37399137  1.08827709  0.8025628   0.51684852  0.30338363
   0.33399942  0.6197137 ]
 [ 1.47788748  1.19217319  0.9064589   0.62074462  0.33503033  0.30338363
   0.5158176   0.67865459]
 [ 1.29606929  1.01035501  0.72464072  0.43892644  0.30338363  0.4119215
   0.67865459  0.67865459]
 [ 1.11425111  0.82853683  0.54282254  0.30338363  0.30802539  0.59373968
   0.67865459  0.65688289]
 [ 0.93243293  0.64671865  0.36100436  0.30338363  0.48984357  0.67865459
   0.67865459  0.47506471]
 [ 0.75061475  0.46490046  0.30338363  0.38594747  0.67166176  0.67865459
   0.57896082  0.29324653]
 [ 0.56879657  0.30338363  0.30338363  0.56776565  0.67865459  0.67865459
   0.39714264  0.11142835]
 [ 0.38697839  0.30338363  0.46386955  0.67865459  0.67865459  0.50103874
   0.21532445 -0.07038983]
 [ 0.30338363  0.35997344  0.64568773  0.67865459  0.60493484  0.31922056
   0.03350627 -0.25220801]
 [ 0.30338363  0.54179163  0.67865459  0.67865459  0.42311666  0.13740238
  -0.14831191 -0.35273622]]