[[3.07410278 2.23403153 1.49433076 0.92290219 0.35147362 0.12268115
  0.53140834 1.06580325]
 [3.07410278 2.41584971 1.55870685 0.92290219 0.35147362 0.12268115
  0.53140834 0.88398507]
 [3.07410278 2.50267421 1.74052504 0.92290219 0.35147362 0.12268115
  0.4164526  0.70216688]
 [3.07410278 2.50267421 1.92234322 1.06520036 0.35147362 0.12268115
  0.23463442 0.5203487 ]
 [3.07410278 2.50267421 1.93124564 1.24701854 0.38987568 0.12268115
  0.12268115 0.33853052]
 [3.07410278 2.50267421 1.93124564 1.35981707 0.48271215 0.12268115
  0.12268115 0.12268115]
 [3.07410278 2.50267421 1.93124564 1.35981707 0.48271215 0.12268115
  0.12268115 0.12268115]
 [3.07410278 2.50267421 1.93124564 1.19291328 0.33577042 0.12268115
  0.12268115 0.12268115]
 [3.07410278 2.50267421 1.86823796 1.0110951  0.15395224 0.12268115
  0.12268115 0.12268115]
 [3.07410278 2.50267421 1.68641977 0.82927692 0.12268115 0.12268115
  0.12268115 0.12268115]
 [3.07410278 2.36174445 1.50460159 0.64745873 0.12268115 0.12268115
  0.12268115 0.12268115]
 [3.03706912 2.17992627 1.32278341 0.55807483 0.12268115 0.12268115
  0.12268115 0.12268115]]