[[-0.18590765 -0.47162194 -0.75733622 -0.82923734 -0.86284287 -1.00570001
  -1.14855715 -1.2914143 ]
 [-0.36772583 -0.65344012 -0.82923734 -0.82923734 -0.95375196 -1.0966091
  -1.23946624 -1.38232339]
 [-0.54954402 -0.79969917 -0.82923734 -0.90180391 -1.04466105 -1.18751819
  -1.33037533 -1.47323248]
 [-0.7313622  -0.82923734 -0.84985585 -0.992713   -1.13557014 -1.27842728
  -1.42128443 -1.56414157]
 [-0.82923734 -0.82923734 -0.94076495 -1.08362209 -1.22647923 -1.36933637
  -1.51219352 -1.65505066]
 [-0.82923734 -0.88881689 -1.03167404 -1.17453118 -1.31738832 -1.46024546
  -1.60310261 -1.74595975]
 [-0.83686884 -0.97972598 -1.12258313 -1.26544027 -1.40829741 -1.55115456
  -1.6940117  -1.83686884]
 [-0.92777793 -1.07063508 -1.21349222 -1.35634936 -1.4992065  -1.64206365
  -1.78492079 -1.92777793]
 [-1.01868702 -1.16154417 -1.30440131 -1.44725845 -1.59011559 -1.73297274
  -1.87582988 -2.01868702]
 [-1.10959611 -1.25245326 -1.3953104  -1.53816754 -1.68102469 -1.82388183
  -1.96673897 -2.10959611]
 [-1.27305474 -1.34336235 -1.48621949 -1.62907663 -1.77193378 -1.91479092
  -2.05764806 -2.2005052 ]
 [-1.52183291 -1.45487292 -1.57712858 -1.71998572 -1.86284287 -2.00570001
  -2.14855715 -2.2914143 ]]