[[-0.75391835 -0.75391835 -0.75391835 -0.75391835 -0.75391835 -0.75391835
  -0.75391835 -0.75391835]
 [-0.64486308 -0.75391835 -0.75391835 -0.75391835 -0.75391835 -0.75391835
  -0.75391835 -0.75391835]
 [-0.4630449  -0.74875919 -0.75391835 -0.75391835 -0.75391835 -0.75391835
  -0.75391835 -0.75391835]
 [-0.28122672 -0.566941   -0.75391835 -0.75391835 -0.75391835 -0.75391835
  -0.75391835 -0.75391835]
 [-0.09940854 -0.38512282 -0.75170989 -0.75391835 -0.75391835 -0.75391835
  -0.75391835 -0.75391835]
 [ 0.08240965 -0.24606611 -0.56989171 -0.75391835 -0.75391835 -0.75391835
  -0.75391835 -0.75391835]
 [ 0.26422783 -0.10235924 -0.38807353 -0.67378781 -0.75391835 -0.75391835
  -0.75391835 -0.75391835]
 [ 0.36517323  0.07945894 -0.20625534 -0.49196963 -0.75391835 -0.75391835
  -0.75391835 -0.73857109]
 [ 0.54699141  0.26127712 -0.02443716 -0.31015145 -0.59586573 -0.74428485
  -0.74428485 -0.55675291]
 [ 0.72880959  0.44309531  0.15738102 -0.12833327 -0.38064848 -0.38064848
  -0.38064848 -0.21049069]
 [ 0.91062777  0.62491349  0.3391992   0.05348492 -0.01701212 -0.01701212
  -0.01701212  0.15314567]
 [ 1.09244595  0.80673167  0.52101738  0.34662424  0.34662424  0.34662424
   0.34662424  0.51678203]]