[[-2.76243679 -2.4767225  -2.19100821 -1.90529393 -1.61957964 -1.33386536
  -1.06395157 -1.06395157]
 [-2.94425497 -2.65854068 -2.3728264  -2.08711211 -1.80139783 -1.51568354
  -1.22996925 -1.30789133]
 [-3.12607315 -2.84035886 -2.55464458 -2.26893029 -1.98321601 -1.69750172
  -1.56763159 -1.85334588]
 [-3.30789133 -3.02217705 -2.73646276 -2.45074847 -2.16503419 -1.8793199
  -2.11308614 -2.39880042]
 [-3.48970951 -3.20399523 -2.91828094 -2.63256666 -2.34685237 -2.3728264
  -2.65854068 -2.94425497]
 [-3.6715277  -3.38581341 -3.10009912 -2.81438484 -2.63256666 -2.91828094
  -3.20399523 -3.48970951]
 [-3.85334588 -3.56763159 -3.28191731 -2.99620302 -3.1780212  -3.46373549
  -3.74944977 -4.03516406]
 [-4.03516406 -3.74944977 -3.46373549 -3.43776146 -3.72347575 -4.00919003
  -4.29490432 -4.5806186 ]
 [-4.21698224 -3.93126795 -3.69750172 -3.98321601 -4.26893029 -4.55464458
  -4.84035886 -5.12607315]
 [-4.39880042 -4.11308614 -4.24295627 -4.52867055 -4.81438484 -5.10009912
  -5.38581341 -5.6715277 ]
 [-4.5806186  -4.50269653 -4.78841081 -5.0741251  -5.35983938 -5.64555367
  -5.93126795 -6.21698224]
 [-4.76243679 -5.04815107 -5.33386536 -5.61957964 -5.90529393 -6.19100821
  -6.4767225  -6.76243679]]