[[ 0.34695339  0.0612391  -0.22447519 -0.21685025  0.06886403  0.35457832
   0.6402926   0.92600689]
 [ 0.1651352  -0.12057908 -0.24418492 -0.03503207  0.25068221  0.5363965
   0.82211078  0.38055234]
 [-0.01668298 -0.24418492 -0.13892818  0.14678611  0.43250039  0.71821468
   0.69224065 -0.1649022 ]
 [-0.19850116 -0.24282428  0.04289001  0.32860429  0.61431858  0.90003286
   0.14678611 -0.48285481]
 [-0.24418492 -0.0610061   0.22470819  0.51042247  0.79613676  0.45847442
  -0.39866844 -0.48285481]
 [-0.1649022   0.12081208  0.40652637  0.69224065  0.77016273 -0.08698012
  -0.48285481 -0.48285481]
 [ 0.01691598  0.30263026  0.58834455  0.87405884  0.22470819 -0.48285481
  -0.48285481 -0.48285481]
 [ 0.19873416  0.48444845  0.77016273  0.5363965  -0.32074636 -0.48285481
  -0.48285481 -0.48285481]
 [ 0.38055234  0.66626663  0.84808481 -0.00905805 -0.48285481 -0.48285481
  -0.48285481 -0.48285481]
 [ 0.56237052  0.84808481  0.30263026 -0.48285481 -0.48285481 -0.48285481
  -0.48285481 -0.48285481]
 [ 0.74418871  0.61431858 -0.24282428 -0.48285481 -0.48285481 -0.48285481
  -0.48285481 -0.48285481]
 [ 0.92600689  0.06886403 -0.48285481 -0.48285481 -0.48285481 -0.48285481
  -0.48285481 -0.48285481]]