[[-0.3447508  -0.20189366 -0.11626748 -0.11626748 -0.11626748 -0.11626748
  -0.11626748 -0.11626748]
 [-0.43565989 -0.29280275 -0.1499456  -0.11626748 -0.11626748 -0.11626748
  -0.11626748 -0.11626748]
 [-0.52656898 -0.38371184 -0.2408547  -0.11626748 -0.11626748 -0.11626748
  -0.11626748 -0.11626748]
 [-0.53819452 -0.47462093 -0.33176379 -0.18890664 -0.11626748 -0.11626748
  -0.11626748 -0.11626748]
 [-0.53819452 -0.53819452 -0.42267288 -0.27981573 -0.13695859 -0.11626748
  -0.11626748 -0.11626748]
 [-0.53819452 -0.53819452 -0.51358197 -0.37072483 -0.22786768 -0.11626748
  -0.11626748 -0.11626748]
 [-0.49459994 -0.53819452 -0.53819452 -0.46163392 -0.31877677 -0.17591963
  -0.11626748 -0.11626748]
 [-0.40369085 -0.53819452 -0.53819452 -0.53819452 -0.40968586 -0.26682872
  -0.12397158 -0.11626748]
 [-0.41793915 -0.4556389  -0.53819452 -0.53819452 -0.50059496 -0.35773781
  -0.21488067 -0.11626748]
 [-0.50884825 -0.36889549 -0.50758695 -0.53819452 -0.53819452 -0.4486469
  -0.30578976 -0.16293262]
 [-0.53819452 -0.45690019 -0.41667786 -0.53819452 -0.53819452 -0.53819452
  -0.39669885 -0.25384171]
 [-0.53819452 -0.53819452 -0.40495214 -0.46862591 -0.53819452 -0.53819452
  -0.48760794 -0.3447508 ]]