[[0.61449282 0.61449282 0.61449282 0.61449282 0.61449282 1.13137304
  1.70280161 2.11656544]
 [0.61449282 0.61449282 0.61449282 0.61449282 0.92358083 1.4950094
  1.92609016 2.4802018 ]
 [0.61449282 0.61449282 0.61449282 0.71578862 1.28721719 1.82219406
  2.27240959 2.84383816]
 [0.61449282 0.61449282 0.61449282 1.07942499 1.65085356 2.06461738
  2.63604595 3.20747453]
 [0.61449282 0.61449282 0.87163278 1.44306135 1.90011613 2.42825375
  2.99968232 3.65063539]
 [0.61449282 0.66384057 1.23526914 1.79622003 2.22046154 2.79189011
  3.36331868 4.19608993]
 [0.61449282 1.02747694 1.59890551 2.01266933 2.5840979  3.15552647
  3.88440162 4.74154448]
 [0.81968473 1.3911133  1.87414211 2.37630569 2.94773427 3.57271331
  4.42985616 5.28699902]
 [1.18332109 1.75474966 2.16851349 2.73994206 3.31137063 4.11816785
  4.97531071 5.83245357]
 [1.54695745 1.96072128 2.53214985 3.10357842 3.80647954 4.6636224
  5.52076526 6.37790811]
 [1.84816808 2.32435764 2.89578621 3.49479123 4.35193409 5.20907694
  6.0662198  6.92336266]
 [2.11656544 2.68799401 3.25942258 4.04024578 4.89738863 5.75453149
  6.61167435 7.4688172 ]]