[[5.82692993 4.96978707 4.3334802  3.76205163 3.19062306 2.61919448
  2.04776591 1.47633734]
 [5.64511174 4.78796889 3.96984383 3.39841526 2.82698669 2.25555812
  1.68412955 1.11270098]
 [5.46329356 4.60615071 3.74900785 3.0347789  2.46335033 1.89192176
  1.32049319 1.10534467]
 [5.17133239 4.42433252 3.56718967 2.71004681 2.09971396 1.52828539
  1.10534467 1.36161319]
 [4.80769603 4.23626746 3.38537149 2.52822863 1.7360776  1.16464903
  1.2308603  1.54343138]
 [4.44405967 3.87263109 3.2035533  2.34641045 1.48926759 1.10534467
  1.43953527 1.64787218]
 [4.0804233  3.50899473 2.93756616 2.27406231 1.70263374 1.34856942
  1.62135345 1.64787218]
 [4.35198439 3.78055582 3.20912725 2.63769868 2.0662701  1.71220578
  1.64787218 1.64787218]
 [4.71562075 4.14419218 3.57276361 3.00133504 2.42990647 2.02443879
  1.7387245  1.64787218]
 [5.07925712 4.50782855 3.93639997 3.3649714  2.79354283 2.22211426
  1.92054269 1.64787218]
 [5.44289348 4.87146491 4.30003634 3.72860777 3.15717919 2.58575062
  2.10236087 1.81664658]
 [5.80652984 5.23510127 4.6636727  4.09224413 3.52081556 2.94938699
  2.37795842 1.99846476]]