[[-0.99687159 -0.99687159 -0.99687159 -0.99687159 -0.99687159 -0.99687159
  -0.99687159 -0.74701608]
 [-0.99687159 -0.99687159 -0.96869509 -0.87238557 -0.87238557 -0.87238557
  -0.79940587 -0.5651979 ]
 [-0.9816821  -0.83882496 -0.69596782 -0.69056739 -0.69056739 -0.66953574
  -0.5266786  -0.38337972]
 [-0.70895483 -0.56609769 -0.5087492  -0.5087492  -0.5087492  -0.39680847
  -0.25395132 -0.25150223]
 [-0.43622756 -0.32693102 -0.32693102 -0.32693102 -0.26693834 -0.25150223
  -0.25150223 -0.25150223]
 [-0.25150223 -0.25150223 -0.25150223 -0.25150223 -0.25150223 -0.25150223
  -0.25150223 -0.25150223]
 [-0.25150223 -0.25150223 -0.25150223 -0.25150223 -0.25150223 -0.25150223
  -0.25150223 -0.25150223]
 [-0.25150223 -0.25150223 -0.25150223 -0.25150223 -0.25150223 -0.25150223
  -0.25150223 -0.25150223]
 [-0.25150223 -0.25150223 -0.25150223 -0.25150223 -0.25150223 -0.25150223
  -0.25150223 -0.25150223]
 [-0.25150223 -0.25150223 -0.25150223 -0.25150223 -0.25150223 -0.25150223
  -0.25150223 -0.25150223]
 [-0.25150223 -0.25150223 -0.25150223 -0.25150223 -0.25150223 -0.25150223
  -0.25150223 -0.25150223]
 [-0.25150223 -0.25150223 -0.25150223 -0.25150223 -0.25150223 -0.25150223
  -0.25150223 -0.25150223]]