[[-0.78098644 -0.48861997 -0.17089309  0.1148212   0.30650274  0.39511779
   0.39511779  0.39511779]
 [-0.59916826 -0.31345397  0.0109251   0.29663938  0.39511779  0.39511779
   0.39511779  0.39511779]
 [ 0.07097811  0.07097811  0.1540785   0.32791206  0.39511779  0.39511779
   0.39511779  0.39511779]
 [ 0.79825083  0.79825083  0.7688569   0.40115637  0.39511779  0.39511779
   0.39511779  0.39511779]
 [ 1.52552356  1.52552356  1.3035951   0.73216652  0.39511779  0.39511779
   0.39511779  0.39511779]
 [ 2.25279629  2.14548027  1.66723146  1.09580289  0.52437432  0.39511779
   0.39511779  0.30650274]
 [ 2.97664911  2.60229639  2.03086782  1.45943925  0.88801068  0.39511779
   0.34207034  0.20690156]
 [ 3.52210365  2.96593276  2.39450419  1.82307562  1.25164704  0.68021847
   0.30650274  0.02508338]
 [ 3.90099769  3.32956912  2.75814055  2.18671198  1.61528341  0.91288531
   0.0903147  -0.15673481]
 [ 4.26463406  3.69320549  3.12177691  2.55034834  1.95184634  0.98241155
  -0.09150349 -0.33855299]
 [ 4.62827042  4.05684185  3.48541328  2.91398471  2.12526869  0.98241155
  -0.1604456  -0.55903595]
 [ 4.99190678  4.42047821  3.84904964  3.17262557  2.12526869  0.98241155
  -0.1604456  -0.74085413]]