[[0.06599012 0.49499029 1.06641886 1.63784743 2.209276   2.78070457
  2.70087935 2.44875409]
 [0.28719808 0.85862665 1.43005522 2.00148379 2.57291237 2.90867156
  2.33724299 2.08511772]
 [0.65083444 1.22226302 1.79369159 2.36512016 2.93654873 2.5450352
  1.97360662 1.72148136]
 [1.01447081 1.58589938 2.15732795 2.72875652 2.7528274  2.18139883
  1.60997026 1.35784499]
 [1.37810717 1.94953574 2.52096431 2.95364375 2.38919104 1.81776247
  1.2463339  0.99420863]
 [1.74174353 2.31317211 2.88460068 2.59698325 2.02555468 1.4541261
  0.88269753 0.72126902]
 [2.1053799  2.67680847 2.80477545 2.23334688 1.66191831 1.09048974
  0.51906117 0.53945084]
 [2.46901626 2.95364375 2.44113909 1.86971052 1.29828195 0.72685338
  0.49266248 0.49266248]
 [2.83265263 2.6489313  2.07750273 1.50607416 0.93464558 0.49266248
  0.49266248 0.49266248]
 [2.85672351 2.28529494 1.71386636 1.14243779 0.57100922 0.49266248
  0.49266248 0.49266248]
 [2.49308714 1.92165857 1.35023    0.77880143 0.49266248 0.49266248
  0.49266248 0.49266248]
 [2.12945078 1.55802221 0.98659364 0.49266248 0.49266248 0.49266248
  0.49266248 0.49266248]]