[[-1.16917309 -0.73554596 -0.73554596 -0.73554596 -0.73554596 -0.73554596
  -0.66823056 -0.38251628]
 [-0.98735491 -0.73554596 -0.73554596 -0.73554596 -0.73554596 -0.73554596
  -0.48641238 -0.56433446]
 [-0.80553673 -0.73554596 -0.73554596 -0.73554596 -0.73554596 -0.59030849
  -0.46043836 -0.73554596]
 [-0.73554596 -0.73554596 -0.73554596 -0.73554596 -0.69420459 -0.4084903
  -0.64225654 -0.73554596]
 [-0.73554596 -0.73554596 -0.73554596 -0.73554596 -0.51238641 -0.53836043
  -0.73554596 -0.73554596]
 [-0.73554596 -0.73554596 -0.73554596 -0.61628251 -0.43446433 -0.72017862
  -0.73554596 -0.73554596]
 [-0.73554596 -0.73554596 -0.72017862 -0.43446433 -0.61628251 -0.73554596
  -0.73554596 -0.73554596]
 [-0.73554596 -0.73554596 -0.53836043 -0.51238641 -0.73554596 -0.73554596
  -0.73554596 -0.73554596]
 [-0.73554596 -0.64225654 -0.4084903  -0.69420459 -0.73554596 -0.73554596
  -0.73554596 -0.73554596]
 [-0.73554596 -0.46043836 -0.59030849 -0.73554596 -0.73554596 -0.73554596
  -0.73554596 -0.73554596]
 [-0.56433446 -0.48641238 -0.73554596 -0.73554596 -0.73554596 -0.73554596
  -0.73554596 -0.73554596]
 [-0.38251628 -0.66823056 -0.73554596 -0.73554596 -0.73554596 -0.73554596
  -0.88345881 -1.16917309]]