[[-0.39189149  0.0641853   0.0641853   0.0641853   0.0641853   0.0641853
   0.0641853   0.0641853 ]
 [-0.25058987  0.0641853   0.0641853   0.0641853   0.0641853   0.0641853
   0.0641853   0.0641853 ]
 [-0.15968078  0.0641853   0.0641853   0.0641853   0.0641853   0.0641853
   0.0641853   0.0641853 ]
 [-0.06877168  0.0641853   0.0641853   0.0641853   0.0641853   0.0641853
   0.0641853   0.0641853 ]
 [ 0.02213741  0.0641853   0.0641853   0.0641853   0.0641853   0.0641853
   0.0641853   0.0641853 ]
 [ 0.0641853   0.0641853   0.0641853   0.0641853   0.0641853   0.0641853
   0.0641853   0.0641853 ]
 [ 0.0641853   0.0641853   0.0641853   0.0641853   0.0641853   0.0641853
   0.0641853   0.0641853 ]
 [ 0.0641853   0.0641853   0.0641853   0.0641853   0.0641853   0.0641853
   0.0641853   0.0641853 ]
 [ 0.0641853   0.0641853   0.0641853   0.0641853   0.0641853   0.0641853
   0.0641853   0.0641853 ]
 [ 0.0641853   0.0641853   0.0641853   0.0641853   0.0641853   0.0641853
   0.0641853   0.0641853 ]
 [ 0.0641853   0.0641853   0.0641853   0.0641853   0.0641853   0.0641853
   0.0641853   0.0641853 ]
 [ 0.0641853   0.0641853   0.0641853   0.0641853   0.0641853   0.0641853
   0.0641853   0.0641853 ]]