[[-0.1132659  -0.1132659  -0.1132659  -0.12481242 -0.26766957 -0.41052671
  -0.55338385 -0.696241  ]
 [-0.19571806 -0.19571806 -0.25468255 -0.3975397  -0.54039684 -0.68325398
  -0.82611113 -0.96896827]
 [-0.37753624 -0.38455268 -0.52740983 -0.67026697 -0.81312411 -0.95598126
  -1.0988384  -1.24169554]
 [-0.55935442 -0.65727996 -0.8001371  -0.94299424 -1.08585139 -1.22870853
  -1.37156567 -1.51442281]
 [-0.78715009 -0.93000723 -1.07286437 -1.21572151 -1.35857866 -1.5014358
  -1.64429294 -1.78715009]
 [-1.05987736 -1.2027345  -1.34559164 -1.48844879 -1.63130593 -1.77416307
  -1.91702022 -2.05987736]
 [-1.33260463 -1.47546177 -1.61831892 -1.76117606 -1.9040332  -2.04689035
  -2.18974749 -2.33260463]
 [-1.54470283 -1.74818905 -1.89104619 -2.03390333 -2.17676048 -2.31961762
  -2.46247476 -2.6053319 ]
 [-1.72652101 -2.0122353  -2.16377346 -2.30663061 -2.44948775 -2.59234489
  -2.73520203 -2.87805918]
 [-1.90833919 -2.19405348 -2.43650074 -2.57935788 -2.72221502 -2.86507216
  -3.00792931 -3.15078645]
 [-2.11825172 -2.37587166 -2.66158594 -2.85208515 -2.99494229 -3.13779944
  -3.28065658 -3.42351372]
 [-2.39097899 -2.55768984 -2.84340413 -3.12481242 -3.26766957 -3.41052671
  -3.55338385 -3.696241  ]]