[[-0.03066231 -0.03066231 -0.03066231 -0.03066231 -0.03066231 -0.03066231
  -0.03066231 -0.03066231]
 [-0.03066231 -0.03066231 -0.03066231 -0.03066231 -0.03066231 -0.03066231
  -0.03066231 -0.03066231]
 [-0.03066231 -0.03066231 -0.03066231 -0.03066231 -0.03066231 -0.03066231
  -0.03066231 -0.03066231]
 [-0.03066231 -0.03066231 -0.03066231 -0.03066231 -0.03066231 -0.03066231
  -0.03066231 -0.03066231]
 [-0.03066231 -0.03066231 -0.03066231 -0.03066231 -0.03066231 -0.03066231
  -0.03066231 -0.03066231]
 [-0.03066231 -0.03066231 -0.03066231 -0.03066231 -0.03066231 -0.03066231
  -0.03066231 -0.03066231]
 [-0.03066231 -0.03066231 -0.03066231 -0.03066231 -0.03066231 -0.03066231
  -0.03066231 -0.03066231]
 [-0.03066231 -0.03066231 -0.03066231 -0.03066231 -0.03066231 -0.03066231
  -0.03066231 -0.03066231]
 [-0.03066231 -0.03066231 -0.03066231 -0.03066231 -0.03066231 -0.03066231
  -0.03066231 -0.03066231]
 [-0.03066231 -0.03066231 -0.03066231 -0.03066231 -0.03066231 -0.03066231
  -0.03066231 -0.03066231]
 [-0.03066231 -0.03066231 -0.03066231 -0.03066231 -0.03066231 -0.03066231
  -0.03066231 -0.03066231]
 [-0.03066231 -0.03066231 -0.03066231 -0.03066231 -0.03066231 -0.03066231
  -0.03066231 -0.03066231]]