[[1.00087812 0.71516384 0.42944955 0.2883923  0.2883923  0.2883923
  0.2883923  0.2883923 ]
 [0.81905994 0.89698202 0.61126773 0.32555345 0.2883923  0.2883923
  0.2883923  0.2883923 ]
 [0.63724176 0.92295605 0.79308592 0.50737163 0.2883923  0.2883923
  0.2883923  0.2883923 ]
 [0.45542358 0.74113786 0.9749041  0.68918981 0.40347553 0.2883923
  0.2883923  0.2883923 ]
 [0.2883923  0.55931968 0.84503397 0.87100799 0.58529371 0.29957942
  0.2883923  0.2883923 ]
 [0.2883923  0.3775015  0.66321579 0.94893007 0.76711189 0.4813976
  0.2883923  0.2883923 ]
 [0.2883923  0.2883923  0.4813976  0.76711189 0.94893007 0.66321579
  0.3775015  0.2883923 ]
 [0.2883923  0.2883923  0.29957942 0.58529371 0.87100799 0.84503397
  0.55931968 0.2883923 ]
 [0.2883923  0.2883923  0.2883923  0.40347553 0.68918981 0.9749041
  0.74113786 0.45542358]
 [0.2883923  0.2883923  0.2883923  0.2883923  0.50737163 0.79308592
  0.92295605 0.63724176]
 [0.2883923  0.2883923  0.2883923  0.2883923  0.32555345 0.61126773
  0.89698202 0.81905994]
 [0.2883923  0.2883923  0.2883923  0.2883923  0.2883923  0.42944955
  0.71516384 1.00087812]]