[[-0.40123187 -0.25837473 -0.11551759 -0.05314384 -0.05314384  0.05196001
   0.19481716  0.24234638]
 [-0.31032278 -0.16746564 -0.05314384 -0.05314384 -0.05314384 -0.03894908
   0.10390807  0.24234638]
 [-0.21941369 -0.07655655 -0.05314384 -0.05314384 -0.05314384 -0.05314384
   0.01299898  0.15585612]
 [-0.1285046  -0.05314384 -0.05314384 -0.05314384 -0.05314384 -0.05314384
  -0.05314384  0.06494703]
 [-0.05314384 -0.05314384 -0.05314384 -0.05314384 -0.05314384 -0.05314384
  -0.05314384 -0.02596206]
 [-0.02303865 -0.05314384 -0.05314384 -0.05314384 -0.05314384 -0.05314384
  -0.05314384 -0.05314384]
 [ 0.06787044 -0.05314384 -0.05314384 -0.05314384 -0.05314384 -0.05314384
  -0.05314384 -0.05314384]
 [ 0.15877953  0.01592239 -0.05314384 -0.05314384 -0.05314384 -0.05314384
  -0.05314384 -0.05314384]
 [ 0.24968862  0.10683148 -0.03602566 -0.05314384 -0.05314384 -0.05314384
  -0.05314384 -0.05314384]
 [ 0.34059771  0.19774057  0.05488343 -0.05314384 -0.05314384 -0.05314384
  -0.05314384 -0.05314384]
 [ 0.4315068   0.28864966  0.14579252  0.00293538 -0.05314384 -0.05314384
  -0.05314384 -0.05314384]
 [ 0.5224159   0.37955875  0.23670161  0.09384447 -0.04901268 -0.05314384
  -0.05314384 -0.05314384]]