[[-1.58300771 -1.868722   -2.15443628 -2.44015057 -2.72586485 -3.01157914
  -3.37443299 -3.80300442]
 [-1.76482589 -2.05054018 -2.33625446 -2.62196875 -2.90768304 -3.21858883
  -3.64716026 -4.07573169]
 [-1.94664407 -2.23235836 -2.51807265 -2.80378693 -3.08950122 -3.4913161
  -3.91988753 -4.34845896]
 [-2.12846226 -2.41417654 -2.69989083 -2.98560511 -3.33547195 -3.76404338
  -4.19261481 -4.62118623]
 [-2.31028044 -2.59599472 -2.88170901 -3.17962779 -3.60819922 -4.03677065
  -4.46534208 -4.89391351]
 [-2.49209862 -2.77781291 -3.06352719 -3.45235506 -3.88092649 -4.30949792
  -4.73806935 -5.16664078]
 [-2.6739168  -2.95963109 -3.29651091 -3.72508234 -4.15365377 -4.58222519
  -5.01079662 -5.43936805]
 [-2.85573498 -3.14144927 -3.56923818 -3.99780961 -4.42638104 -4.85495247
  -5.2835239  -5.71209532]
 [-3.03755317 -3.41339403 -3.84196545 -4.27053688 -4.69910831 -5.12767974
  -5.55625117 -5.9848226 ]
 [-3.25754987 -3.6861213  -4.11469273 -4.54326416 -4.97183558 -5.40040701
  -5.82897844 -6.25754987]
 [-3.53027714 -3.95884857 -4.38742    -4.81599143 -5.24456286 -5.67313429
  -6.10170571 -6.53027714]
 [-3.80300442 -4.23157584 -4.66014727 -5.0887187  -5.51729013 -5.94586156
  -6.37443299 -6.80300442]]