[[3.14302699 2.8573127  2.57159842 2.40183116 2.40183116 2.40183116
  2.58240742 2.87244959]
 [3.32484517 3.03913088 2.7534166  2.46770231 2.40183116 2.40183116
  2.41192518 2.68630353]
 [3.50666335 3.22094907 2.93523478 2.6495205  2.40183116 2.40183116
  2.40183116 2.50448534]
 [3.68848153 3.40276725 3.11705296 2.83133868 2.54562439 2.40183116
  2.40183116 2.40183116]
 [3.87029972 3.58458543 3.29887114 3.01315686 2.72744257 2.44172829
  2.40183116 2.40183116]
 [4.0521179  3.76640361 3.48068933 3.19497504 2.90926076 2.62354647
  2.40183116 2.40183116]
 [4.23393608 3.94822179 3.66250751 3.37679322 3.09107894 2.80536465
  2.51965037 2.40183116]
 [4.41575426 4.13003998 3.84432569 3.5586114  3.27289712 2.98718283
  2.70146855 2.41575426]
 [4.59757244 4.31185816 4.02614387 3.74042959 3.4547153  3.16900101
  2.88328673 2.59757244]
 [4.77939063 4.49367634 4.20796205 3.92224777 3.63653348 3.3508192
  3.06510491 2.77939063]
 [4.96120881 4.67549452 4.38978024 4.10406595 3.81835166 3.53263738
  3.24692309 2.96120881]
 [5.14302699 4.8573127  4.57159842 4.28588413 4.00016985 3.71445556
  3.42874127 3.14302699]]