[[ 1.54175545  1.25604116  0.97032687  0.68461259  0.3988983   0.11318402
  -0.17253027 -0.33498934]
 [ 1.35993726  1.07422298  0.78850869  0.50279441  0.21708012 -0.06863416
  -0.33498934 -0.27642637]
 [ 1.17811908  0.8924048   0.60669051  0.32097622  0.03526194 -0.25045235
  -0.33498934 -0.09460819]
 [ 0.9963009   0.71058661  0.42487233  0.13915804 -0.14655624 -0.33498934
  -0.19850429  0.08720999]
 [ 0.81448272  0.52876843  0.24305415 -0.04266014 -0.32837442 -0.3024004
  -0.01668611  0.26902817]
 [ 0.63266454  0.34695025  0.06123596 -0.22447832 -0.33498934 -0.12058222
   0.16513207  0.45084635]
 [ 0.45084635  0.16513207 -0.12058222 -0.33498934 -0.22447832  0.06123596
   0.34695025  0.63266454]
 [ 0.26902817 -0.01668611 -0.3024004  -0.32837442 -0.04266014  0.24305415
   0.52876843  0.81448272]
 [ 0.08720999 -0.19850429 -0.33498934 -0.14655624  0.13915804  0.42487233
   0.71058661  0.9963009 ]
 [-0.09460819 -0.33498934 -0.25045235  0.03526194  0.32097622  0.60669051
   0.8924048   1.17811908]
 [-0.27642637 -0.33498934 -0.06863416  0.21708012  0.50279441  0.78850869
   0.99910465  1.35993726]
 [-0.33498934 -0.17253027  0.11318402  0.3988983   0.68461259  0.97032687
   0.99910465  0.99910465]]