[[0.96332234 0.96332234 0.96332234 0.96332234 0.96332234 0.96332234
  0.96332234 0.96332234]
 [0.96332234 0.96332234 0.96332234 0.96332234 0.96332234 0.96332234
  0.96332234 0.96332234]
 [0.96332234 0.96332234 0.96332234 0.96332234 0.96332234 0.96332234
  0.96332234 0.96332234]
 [0.96332234 0.96332234 0.96332234 0.96332234 0.96332234 0.96332234
  0.96332234 0.96332234]
 [0.96332234 0.96332234 0.96332234 0.96332234 0.96332234 0.96332234
  0.96332234 0.96332234]
 [0.96332234 0.96332234 0.96332234 0.96332234 0.96332234 0.96332234
  0.96332234 0.96332234]
 [0.96332234 0.96332234 0.96332234 0.96332234 0.96332234 0.96332234
  0.96332234 0.96332234]
 [0.96332234 0.96332234 0.96332234 0.96332234 0.96332234 0.96332234
  0.96332234 0.96332234]
 [0.96332234 0.96332234 0.96332234 0.96332234 0.96332234 0.96332234
  0.96332234 0.96332234]
 [0.96332234 0.96332234 0.96332234 0.96332234 0.96332234 0.96332234
  0.96332234 0.96332234]
 [0.96332234 0.96332234 0.96332234 0.96332234 0.96332234 0.96332234
  0.96332234 0.96332234]
 [0.96332234 0.96332234 0.96332234 0.96332234 0.96332234 0.96332234
  0.96332234 0.96332234]]