[[-0.7881164  -1.42276085 -2.56561799 -3.70847514 -4.85133228 -6.53879731
  -8.25308302 -9.96736873]
 [-1.11729971 -0.96188842 -1.83834527 -2.98120241 -4.46087523 -6.17516094
  -7.88944666 -9.60373237]
 [-1.48093607 -0.9095075  -1.16968063 -2.38295315 -4.09723886 -5.81152458
  -7.52581029 -9.24009601]
 [-1.84457244 -1.27314387 -0.80604427 -2.01931679 -3.7336025  -5.44788821
  -7.16217393 -8.87645964]
 [-2.2082088  -1.63678023 -1.35021928 -1.87013267 -3.36996614 -5.08425185
  -6.79853756 -8.51282328]
 [-2.57184516 -2.07749201 -2.07749201 -2.07749201 -3.01298981 -4.72061549
  -6.4349012  -8.14918692]
 [-2.93548153 -2.80476474 -2.80476474 -2.80476474 -3.01298981 -4.35697912
  -6.07126484 -7.78555055]
 [-3.53203746 -3.53203746 -3.53203746 -3.53203746 -3.53203746 -4.15584695
  -5.70762847 -7.42191419]
 [-4.25931019 -4.25931019 -4.25931019 -4.25931019 -4.25931019 -4.25931019
  -5.34399211 -7.05827782]
 [-4.98658292 -4.98658292 -4.98658292 -4.98658292 -4.98658292 -4.98658292
  -5.2987041  -6.69464146]
 [-5.71385564 -5.71385564 -5.71385564 -5.71385564 -5.71385564 -5.71385564
  -5.71385564 -6.44156124]
 [-6.44112837 -6.44112837 -6.44112837 -6.44112837 -6.44112837 -6.44112837
  -6.44112837 -6.47558143]]