[[ 2.82595189  2.25452331  1.68309474  1.11166617  0.5402376  -0.03119097
  -0.67995392 -1.25138249]
 [ 2.46231552  1.89088695  1.31945838  0.74802981  0.17660124 -0.47216171
  -1.04359028 -1.25138249]
 [ 2.09867916  1.52725059  0.95582202  0.38439344 -0.2643695  -0.83579807
  -1.25138249 -1.25138249]
 [ 1.7350428   1.16361422  0.59218565  0.02075708 -0.62800587 -1.19943444
  -1.25138249 -1.25138249]
 [ 1.37140643  0.79997786  0.22854929 -0.42021366 -0.99164223 -1.25138249
  -1.25138249 -1.25138249]
 [ 1.00777007  0.4363415  -0.18735205 -0.78385002 -1.25138249 -1.25138249
  -1.25138249 -1.25138249]
 [ 0.6441337   0.07270513 -0.57605781 -1.14748639 -1.25138249 -1.25138249
  -1.25138249 -1.25138249]
 [ 0.28049734 -0.36826561 -0.93969418 -1.25138249 -1.25138249 -1.25138249
  -1.25138249 -1.25138249]
 [-0.08345595 -0.73190197 -1.25138249 -1.25138249 -1.25138249 -1.25138249
  -1.25138249 -1.25138249]
 [-0.52410976 -1.09553833 -1.25138249 -1.25138249 -1.25138249 -1.25138249
  -1.25138249 -1.25138249]
 [-0.88774613 -1.25138249 -1.25138249 -1.25138249 -1.25138249 -1.25138249
  -1.25138249 -1.25138249]
 [-1.25138249 -1.25138249 -1.25138249 -1.25138249 -1.25138249 -1.25138249
  -1.25138249 -1.25138249]]