[[-0.20481484 -0.20481484 -0.20481484 -0.20481484 -0.20481484 -0.26897399
  -0.55468828 -0.84040256]
 [-0.20481484 -0.20481484 -0.20481484 -0.20481484 -0.20481484 -0.20481484
  -0.37287009 -0.65858438]
 [-0.20481484 -0.20481484 -0.20481484 -0.20481484 -0.20481484 -0.20481484
  -0.20481484 -0.4767662 ]
 [-0.20481484 -0.20481484 -0.20481484 -0.20481484 -0.20481484 -0.20481484
  -0.20481484 -0.29494802]
 [-0.20481484 -0.20481484 -0.20481484 -0.20481484 -0.20481484 -0.20481484
  -0.20481484 -0.20481484]
 [-0.20481484 -0.20481484 -0.20481484 -0.20481484 -0.20481484 -0.20481484
  -0.20481484 -0.20481484]
 [-0.20481484 -0.20481484 -0.20481484 -0.20481484 -0.20481484 -0.20481484
  -0.20481484 -0.20481484]
 [-0.22933397 -0.20481484 -0.20481484 -0.20481484 -0.20481484 -0.20481484
  -0.20481484 -0.20481484]
 [-0.50128533 -0.20481484 -0.20481484 -0.20481484 -0.20481484 -0.20481484
  -0.20481484 -0.20481484]
 [-0.8649217  -0.30725605 -0.20481484 -0.20481484 -0.20481484 -0.20481484
  -0.20481484 -0.20481484]
 [-1.22855806 -0.44933728 -0.20481484 -0.20481484 -0.20481484 -0.20481484
  -0.20481484 -0.20481484]
 [-1.59219443 -0.55468828 -0.26897399 -0.20481484 -0.20481484 -0.20481484
  -0.20481484 -0.20481484]]