[[-2.1011431  -1.52971453 -0.95828596 -0.38685739 -0.35893051 -0.35893051
  -0.35893051 -0.35893051]
 [-2.1011431  -1.8933509  -1.32192233 -0.75049375 -0.72256687 -0.72256687
  -0.72256687 -0.90438505]
 [-2.1011431  -2.1011431  -1.68555869 -1.11413012 -1.08620323 -1.08620323
  -1.16412531 -1.4498396 ]
 [-2.1011431  -2.1011431  -2.04919505 -1.47776648 -1.4498396  -1.4498396
  -1.46772682 -1.46772682]
 [-2.1011431  -2.1011431  -1.91123812 -1.49565371 -1.46772682 -1.46772682
  -1.46772682 -1.46772682]
 [-2.1011431  -2.01513423 -1.72941994 -1.46772682 -1.46772682 -1.46772682
  -1.46772682 -1.46772682]
 [-2.1011431  -1.83331604 -1.54760176 -1.46772682 -1.46772682 -1.46772682
  -1.46772682 -1.46772682]
 [-1.93721215 -1.65149786 -1.46772682 -1.46772682 -1.46772682 -1.46772682
  -1.46772682 -1.46772682]
 [-1.75539397 -1.46967968 -1.46772682 -1.46772682 -1.46772682 -1.46772682
  -1.46772682 -1.46772682]
 [-1.57357578 -1.46772682 -1.46772682 -1.46772682 -1.46772682 -1.46772682
  -1.46772682 -1.46772682]
 [-1.46772682 -1.46772682 -1.46772682 -1.46772682 -1.46772682 -1.46772682
  -1.46772682 -1.46772682]
 [-1.46772682 -1.46772682 -1.46772682 -1.46772682 -1.46772682 -1.46772682
  -1.46772682 -1.46772682]]