[[-1.19136744 -1.19136744 -1.19136744 -1.19136744 -1.19136744 -1.19136744
  -1.19136744 -1.67205145]
 [-1.37318563 -1.19136744 -1.19136744 -1.19136744 -1.19136744 -1.19136744
  -1.46425924 -2.03568781]
 [-1.55500381 -1.26928952 -1.19136744 -1.19136744 -1.19136744 -1.25646703
  -1.82789561 -2.39932418]
 [-1.73682199 -1.4511077  -1.19136744 -1.19136744 -1.19136744 -1.6201034
  -2.19153197 -2.76296054]
 [-1.91864017 -1.63292589 -1.3472116  -1.19136744 -1.41231119 -1.98373976
  -2.55516833 -3.1265969 ]
 [-2.10045835 -1.81474407 -1.52902978 -1.2433155  -1.77594755 -2.34737612
  -2.9188047  -3.49023327]
 [-2.28227654 -1.99656225 -1.71084796 -1.56815535 -2.13958392 -2.71101249
  -3.28244106 -3.85386963]
 [-2.46409472 -2.17838043 -1.89266615 -1.93179171 -2.50322028 -3.07464885
  -3.64607742 -4.21750599]
 [-2.6459129  -2.36019861 -2.10045835 -2.29542807 -2.86685664 -3.43828522
  -4.00971379 -4.58114236]
 [-2.82773108 -2.5420168  -2.46409472 -2.65906444 -3.23049301 -3.80192158
  -4.37335015 -4.94477872]
 [-3.00954926 -2.82773108 -2.82773108 -3.0227008  -3.59412937 -4.16555794
  -4.73698651 -5.30841509]
 [-3.19136744 -3.19136744 -3.19136744 -3.38633716 -3.95776574 -4.52919431
  -5.10062288 -5.67205145]]