[[-0.27027949 -0.17773362 -0.17773362 -0.17773362 -0.17773362 -0.17773362
  -0.17773362 -0.17773362]
 [-0.27027949 -0.25997346 -0.17773362 -0.17773362 -0.17773362 -0.17773362
  -0.17773362 -0.0181065 ]
 [-0.27027949 -0.27027949 -0.17773362 -0.17773362 -0.17773362 -0.17773362
  -0.1220026   0.16371169]
 [-0.27027949 -0.27027949 -0.27027949 -0.17773362 -0.17773362 -0.17773362
   0.05981558  0.34552987]
 [-0.27027949 -0.27027949 -0.27027949 -0.23399943 -0.17773362 -0.04408052
   0.24163376  0.52734805]
 [-0.13045508 -0.27027949 -0.27027949 -0.27027949 -0.14797663  0.13773766
   0.42345195  0.70916623]
 [ 0.0513631  -0.23435118 -0.27027949 -0.27027949 -0.10034633  0.31955584
   0.60527013  0.89098441]
 [ 0.23318129 -0.052533   -0.27027949 -0.22790367  0.05781061  0.47108224
   0.78708831  1.0728026 ]
 [ 0.41499947  0.12928518 -0.16021207 -0.05566644  0.2396288   0.52534308
   0.96890649  1.25462078]
 [ 0.59681765  0.31110336 -0.16021207 -0.05566644  0.42144698  0.70716126
   1.04251081  1.43643896]
 [ 0.77863583  0.4112165  -0.16021207 -0.05566644  0.51576214  0.88897945
   1.17469373  1.61393938]
 [ 0.96045401  0.4112165  -0.16021207 -0.05566644  0.51576214  1.07079763
   1.35651191  1.6422262 ]]