[[1.32873338 1.47159052 1.61444767 1.75730481 1.90016195 1.99053421
  2.00334227 2.14619941]
 [1.23782429 1.38068143 1.52353858 1.66639572 1.80871603 1.80871603
  1.91243318 2.05529032]
 [1.1469152  1.28977234 1.43262949 1.57548663 1.62689785 1.67866694
  1.82152409 1.96438123]
 [1.02094017 1.19886325 1.3417204  1.44507967 1.44507967 1.58775785
  1.730615   1.87347214]
 [0.83912199 1.10795416 1.2508113  1.26326148 1.35399162 1.49684876
  1.63970591 1.78256305]
 [0.65730381 0.9430181  1.0814433  1.12022539 1.26308253 1.40593967
  1.54879681 1.69165396]
 [0.55672236 0.76119991 0.89962512 1.0293163  1.17217344 1.31503058
  1.45788772 1.60074487]
 [0.46581327 0.72609036 0.86451557 0.9384072  1.08126435 1.22412149
  1.36697863 1.50983578]
 [0.44037608 0.70029529 0.84315244 0.86451557 0.99035526 1.1332124
  1.27606954 1.41892668]
 [0.44037608 0.6093862  0.75224335 0.86451557 0.89944617 1.04230331
  1.18516045 1.32801759]
 [0.45759645 0.51847711 0.66133425 0.8041914  0.86451557 0.95139422
  1.09425136 1.2371085 ]
 [0.4008784  0.45759645 0.57042516 0.71328231 0.85613945 0.86451557
  1.00334227 1.14619941]]