[[0.43626526 0.61298402 0.61298402 0.61298402 0.61298402 0.61298402
  0.61298402 0.61298402]
 [0.56057123 0.73729    0.73729    0.73729    0.73729    0.73729
  0.73729    0.73729   ]
 [0.74238942 0.91910818 0.91910818 0.91910818 0.91910818 0.91910818
  0.91910818 0.91910818]
 [0.9242076  1.07447602 1.10092636 1.10092636 1.10092636 1.10092636
  1.10092636 1.10092636]
 [1.02252797 1.16538511 1.28274454 1.28274454 1.28274454 1.28274454
  1.28274454 1.28274454]
 [1.11343706 1.2562942  1.39915135 1.46456272 1.46456272 1.46456272
  1.46456272 1.46456272]
 [1.20434615 1.34720329 1.49006044 1.63291758 1.6463809  1.6463809
  1.6463809  1.6463809 ]
 [1.29525524 1.43811238 1.58096953 1.72382667 1.82819909 1.82819909
  1.82819909 1.82819909]
 [1.38616433 1.52902148 1.67187862 1.81473576 1.9575929  2.01001727
  2.01001727 2.01001727]
 [1.47707342 1.61993057 1.76278771 1.90564485 2.048502   2.19135914
  2.19183545 2.19183545]
 [1.56798251 1.71083966 1.8536968  1.99655394 2.13941109 2.28226823
  2.37365363 2.37365363]
 [1.65889161 1.80174875 1.94460589 2.08746303 2.23032018 2.37317732
  2.51603446 2.55547181]]