[[-2.32596969 -2.18311255 -2.0402554  -1.87446457 -1.60777163 -1.46491448
  -1.38870619 -1.38870619]
 [-2.41687878 -2.27402164 -2.13116449 -1.87446457 -1.58875029 -1.38870619
  -1.38870619 -1.38870619]
 [-2.50778787 -2.36493073 -2.16017886 -1.87446457 -1.58875029 -1.40864589
  -1.38870619 -1.38870619]
 [-2.59869696 -2.44589315 -2.16017886 -1.87446457 -1.64241213 -1.49955498
  -1.38870619 -1.38870619]
 [-2.68960605 -2.44589315 -2.16017886 -1.87617836 -1.73332122 -1.59046407
  -1.44760693 -1.38870619]
 [-2.73160743 -2.44589315 -2.16017886 -1.96708745 -1.82423031 -1.68137317
  -1.53851602 -1.39565888]
 [-2.73160743 -2.44589315 -2.20085369 -2.05799654 -1.9151394  -1.77228226
  -1.62942511 -1.48656797]
 [-2.73160743 -2.44589315 -2.29176278 -2.14890563 -2.00604849 -1.86319135
  -1.7203342  -1.57747706]
 [-2.70145669 -2.52552901 -2.38267187 -2.23981472 -2.09695758 -1.95410044
  -1.8112433  -1.66838615]
 [-2.63823541 -2.6164381  -2.47358096 -2.33072381 -2.18786667 -2.04500953
  -1.90215239 -1.75929524]
 [-2.63823541 -2.63823541 -2.56449005 -2.42163291 -2.27877576 -2.13591862
  -1.99306148 -1.85020433]
 [-2.63823541 -2.63823541 -2.63823541 -2.512542   -2.36968485 -2.22682771
  -2.08397057 -1.94111343]]