[[0.722126   0.89165272 1.32022414 1.74879557 2.177367   2.60593843
  3.03450986 3.35445313]
 [0.722126   0.80074363 1.22931505 1.65788648 2.08645791 2.51502934
  2.94360077 3.35445313]
 [0.722126   0.722126   1.13840596 1.56697739 1.99554882 2.42412025
  2.85269168 3.28126311]
 [0.722126   0.722126   1.04749687 1.4760683  1.90463973 2.33321116
  2.76178259 3.19035401]
 [0.722126   0.722126   0.95658778 1.38515921 1.81373064 2.24230207
  2.6708735  3.09944492]
 [0.722126   0.722126   0.86567869 1.29425012 1.72282155 2.15139298
  2.5799644  3.00853583]
 [0.722126   0.722126   0.81550037 1.20334103 1.63191246 2.06048388
  2.48905531 2.91762674]
 [0.722126   0.722126   0.81550037 1.11243194 1.54100337 1.96957479
  2.39814622 2.82671765]
 [0.722126   0.722126   0.81550037 1.10121466 1.45009427 1.8786657
  2.30723713 2.73580856]
 [0.722126   0.722126   0.81550037 1.10121466 1.38692894 1.78775661
  2.21632804 2.64489947]
 [0.722126   0.722126   0.81550037 1.10121466 1.38692894 1.69684752
  2.12541895 2.55399038]
 [0.722126   0.722126   0.81550037 1.10121466 1.38692894 1.67264323
  2.03450986 2.46308129]]