[[-0.72131152 -0.72131152 -0.72131152 -0.72131152 -0.72131152 -0.72131152
  -0.72131152 -0.72131152]
 [-0.72131152 -0.72131152 -0.72131152 -0.72131152 -0.72131152 -0.72131152
  -0.72131152 -0.9891851 ]
 [-0.72131152 -0.72131152 -0.72131152 -0.72131152 -0.72131152 -0.72131152
  -0.72131152 -1.53463965]
 [-0.72131152 -0.72131152 -0.72131152 -0.72131152 -0.72131152 -0.72131152
  -1.22295134 -2.08009419]
 [-0.72131152 -0.72131152 -0.72131152 -0.72131152 -0.72131152 -0.91126303
  -1.76840588 -2.54463388]
 [-0.72131152 -0.72131152 -0.72131152 -0.72131152 -0.72131152 -1.45671757
  -2.31386043 -2.90827025]
 [-0.72131152 -0.72131152 -0.72131152 -0.72131152 -1.14502926 -2.00217212
  -2.70047804 -3.27190661]
 [-0.72131152 -0.72131152 -0.72131152 -0.83334095 -1.6904838  -2.49268583
  -3.0641144  -3.63554298]
 [-0.72131152 -0.72131152 -0.72131152 -1.37879549 -2.23593835 -2.8563222
  -3.42775077 -3.99917934]
 [-0.72131152 -0.72131152 -1.06710718 -1.92425004 -2.64852999 -3.21995856
  -3.79138713 -4.3628157 ]
 [-0.72131152 -0.75541887 -1.61256173 -2.44073778 -3.01216635 -3.58359492
  -4.1550235  -4.72645207]
 [-0.72131152 -1.30087342 -2.15801627 -2.80437414 -3.37580272 -3.94723129
  -4.51865986 -5.09008843]]