[[-0.88797369 -0.4819235  -0.4819235  -0.4819235  -0.6935581  -1.26498667
  -1.83641524 -2.40784381]
 [-0.88797369 -0.68018148 -0.4819235  -0.4819235  -0.4819235  -0.9013503
  -1.47277888 -2.40784381]
 [-0.88797369 -0.88797369 -0.4819235  -0.4819235  -0.4819235  -0.53771394
  -1.26498667 -2.40784381]
 [-0.88797369 -0.88797369 -0.83602563 -0.4819235  -0.4819235  -0.4819235
  -1.26498667 -2.40784381]
 [-0.88797369 -0.88797369 -0.88797369 -0.62823343 -0.4819235  -0.4819235
  -1.26498667 -2.40784381]
 [-0.88797369 -0.88797369 -0.88797369 -0.88797369 -0.4819235  -0.4819235
  -1.26498667 -2.40784381]
 [-0.88797369 -0.88797369 -0.88797369 -0.88797369 -0.78407758 -0.4819235
  -1.26498667 -2.40784381]
 [-0.88797369 -0.88797369 -0.88797369 -0.88797369 -0.88797369 -0.57628537
  -1.26498667 -2.40784381]
 [-0.88797369 -0.88797369 -0.88797369 -0.88797369 -0.88797369 -0.88797369
  -1.26498667 -2.40784381]
 [-0.88797369 -0.88797369 -0.88797369 -0.88797369 -0.88797369 -0.94376412
  -1.5151927  -2.40784381]
 [-0.88797369 -0.88797369 -0.88797369 -0.88797369 -0.88797369 -1.30740049
  -1.87882906 -2.45025763]
 [-0.88797369 -0.88797369 -0.88797369 -0.88797369 -1.09960828 -1.67103685
  -2.24246542 -2.81389399]]