[[7.1078232  6.306259   5.44911615 4.59494071 4.02351213 3.45208356
  2.88065499 2.30922642]
 [6.74418684 6.12444082 5.26729796 4.41015511 3.65987577 3.0884472
  2.51701863 1.94559006]
 [6.38055048 5.8091219  5.08547978 4.22833692 3.37119407 2.72481083
  2.15338226 1.73500101]
 [6.01691411 5.44548554 4.87405697 4.04651874 3.18937589 2.36117447
  1.83889711 1.55318283]
 [5.65327775 5.08184918 4.51042061 3.86470056 3.0075577  2.15041485
  1.65707893 1.43842136]
 [5.28964138 4.71821281 4.14678424 3.57535567 2.82573952 2.09566996
  1.52424138 1.43842136]
 [4.92600502 4.35457645 3.78314788 3.21171931 2.66346792 2.09566996
  1.66922018 1.43842136]
 [4.56236866 3.99094009 3.41951151 2.84808294 2.47698783 1.98772463
  1.85103836 1.56532407]
 [4.19873229 3.62730372 3.05587515 2.58554584 2.11335146 1.98772463
  1.98772463 1.74714225]
 [3.83509593 3.26366736 2.69223879 2.32114367 1.98772463 1.98772463
  1.98772463 1.92896044]
 [3.47145957 2.90003099 2.50762377 1.98772463 1.98772463 1.98772463
  1.98772463 1.98772463]
 [3.1078232  2.61151987 2.16529952 1.98772463 1.98772463 1.98772463
  1.98772463 1.98772463]]