[[-0.37719996 -0.37719996 -0.37719996 -0.37719996 -0.37719996 -0.37719996
  -0.37719996 -0.37719996]
 [-0.37719996 -0.37719996 -0.37719996 -0.37719996 -0.37719996 -0.37719996
  -0.37719996 -0.37719996]
 [-0.37719996 -0.37719996 -0.37719996 -0.37719996 -0.37719996 -0.37719996
  -0.37719996 -0.37719996]
 [-0.37719996 -0.37719996 -0.37719996 -0.37719996 -0.37719996 -0.37719996
  -0.37719996 -0.37719996]
 [-0.37719996 -0.37719996 -0.37719996 -0.37719996 -0.37719996 -0.37719996
  -0.37719996 -0.37719996]
 [-0.37719996 -0.37719996 -0.37719996 -0.37719996 -0.37719996 -0.37719996
  -0.37719996 -0.37719996]
 [-0.37719996 -0.37719996 -0.37719996 -0.37719996 -0.37719996 -0.37719996
  -0.37719996 -0.37719996]
 [-0.37719996 -0.37719996 -0.37719996 -0.37719996 -0.37719996 -0.37719996
  -0.37719996 -0.37719996]
 [-0.37719996 -0.37719996 -0.37719996 -0.37719996 -0.37719996 -0.37719996
  -0.37719996 -0.37719996]
 [-0.37719996 -0.37719996 -0.37719996 -0.37719996 -0.37719996 -0.37719996
  -0.37719996 -0.37719996]
 [-0.37719996 -0.37719996 -0.37719996 -0.37719996 -0.37719996 -0.37719996
  -0.37719996 -0.37719996]
 [-0.37719996 -0.37719996 -0.37719996 -0.37719996 -0.37719996 -0.37719996
  -0.37719996 -0.37719996]]