[[ -6.60566934  -4.89138362  -3.17709791  -1.72773824  -1.27387854
   -0.7441801   -0.7441801   -0.96561376]
 [ -6.9693057   -5.25501998  -3.54073427  -1.82644856  -0.92697971
   -0.7441801   -0.86171766  -1.14743194]
 [ -7.33294206  -5.61865635  -3.90437063  -2.19008492  -0.82254456
   -0.75782155  -1.04353584  -1.32925012]
 [ -7.69657843  -5.98229271  -4.268007    -2.55372128  -1.357838
   -1.02491908  -1.22535402  -1.5110683 ]
 [ -8.06021479  -6.34592908  -4.63164336  -3.22796787  -2.08511073
   -1.41193657  -1.4071722   -1.69288649]
 [ -8.42385115  -6.70956544  -5.09809774  -3.9552406   -2.81238346
   -1.95739112  -1.75219181  -1.87470467]
 [ -8.78748752  -7.0732018   -5.82537047  -4.68251333  -3.53965619
   -2.50284566  -2.21713138  -2.11582817]
 [ -9.15112388  -7.69550034  -6.5526432   -5.40978606  -4.26692891
   -3.12407177  -2.76258592  -2.47946453]
 [ -9.56563021  -8.42277307  -7.27991593  -6.13705878  -4.99420164
   -3.8513445   -3.30804047  -3.02232618]
 [-10.29290294  -9.1500458   -8.00718865  -6.86433151  -5.72147437
   -4.57861722  -3.85349502  -3.56778073]
 [-11.02017567  -9.87731852  -8.73446138  -7.59160424  -6.4487471
   -5.30588995  -4.39894956  -4.11323527]
 [-11.74744839 -10.60459125  -9.46173411  -8.31887697  -7.17601982
   -6.03316268  -4.94440411  -4.65868982]]