[[0.34303964 0.55948691 0.55948691 0.55948691 0.54170207 0.39884493
  0.25598778 0.15473755]
 [0.52485782 0.72624956 0.74130509 0.74130509 0.74130509 0.6715722
  0.52871506 0.38585791]
 [0.67430151 0.81715865 0.92312327 0.92312327 0.92312327 0.92312327
  0.80144233 0.65858519]
 [0.7652106  0.90806774 1.05092489 1.10494145 1.10494145 1.10494145
  1.0741696  0.93131246]
 [0.85611969 0.99897683 1.14183398 1.28469112 1.28675963 1.28675963
  1.28675963 1.20403973]
 [0.94702878 1.08988592 1.23274307 1.37560021 1.46857782 1.46857782
  1.46857782 1.46857782]
 [1.03793787 1.18079502 1.32365216 1.4665093  1.60936644 1.650396
  1.650396   1.650396  ]
 [1.12884696 1.27170411 1.41456125 1.55741839 1.70027554 1.83221418
  1.83221418 1.83221418]
 [1.21975605 1.3626132  1.50547034 1.64832748 1.79118463 1.93404177
  2.01403236 2.01403236]
 [1.31066515 1.45352229 1.59637943 1.73923657 1.88209372 2.02495086
  2.167808   2.19585054]
 [1.40157424 1.54443138 1.68728852 1.83014567 1.97300281 2.11585995
  2.25871709 2.37766873]
 [1.49248333 1.63534047 1.77819761 1.92105476 2.0639119  2.20676904
  2.34962618 2.49248333]]