[[-0.58559421 -0.72845135 -0.74799869 -0.74799869 -0.88996717 -1.03282431
  -1.17568145 -1.3185386 ]
 [-0.49468512 -0.63754226 -0.74799869 -0.74799869 -0.79905808 -0.94191522
  -1.08477236 -1.22762951]
 [-0.36625756 -0.54663317 -0.68949031 -0.74799869 -0.74799869 -0.85100613
  -0.99386327 -1.13672042]
 [-0.18443938 -0.45572408 -0.59858122 -0.74143836 -0.74799869 -0.76009704
  -0.90295418 -1.04581132]
 [-0.0026212  -0.28833548 -0.50767213 -0.65052927 -0.74799869 -0.74799869
  -0.81204509 -0.95490223]
 [ 0.17919698 -0.1065173  -0.39223159 -0.55962018 -0.70247732 -0.74799869
  -0.74799869 -0.86399314]
 [ 0.36101517  0.07530088 -0.2104134  -0.46871109 -0.61156823 -0.74799869
  -0.74799869 -0.77308405]
 [ 0.54283335  0.25711906 -0.02859522 -0.31430951 -0.52065914 -0.66351628
  -0.74799869 -0.74799869]
 [ 0.72465153  0.43893724  0.15322296 -0.13249133 -0.41820561 -0.57260719
  -0.71546434 -0.74799869]
 [ 0.7565579   0.62075543  0.33504114  0.04932685 -0.23638743 -0.4816981
  -0.62455525 -0.74799869]
 [ 0.7565579   0.7565579   0.51685932  0.23114504 -0.05456925 -0.34028353
  -0.53364615 -0.6765033 ]
 [ 0.7565579   0.7565579   0.6986775   0.41296322  0.12724893 -0.15846535
  -0.44273706 -0.58559421]]