[[-0.2766388  -0.52585967 -0.31505304 -0.02933875  0.25637553  0.28295931
   0.28295931  0.28295931]
 [-0.09482061 -0.3805349  -0.49687122 -0.21115693  0.07455735  0.28295931
   0.28295931  0.28295931]
 [ 0.08699757 -0.19871672 -0.484431   -0.39297511 -0.01429632  0.28295931
   0.28295931  0.28295931]
 [ 0.26881575 -0.01689854 -0.30261282 -0.52585967 -0.01429632  0.28295931
   0.28295931  0.28295931]
 [ 0.28295931  0.16491965 -0.12079464 -0.23562234 -0.01429632  0.28295931
   0.28295931  0.28295931]
 [ 0.28295931  0.28295931  0.12801402  0.12801402  0.12801402  0.28295931
   0.28295931  0.28295931]
 [ 0.28295931  0.28295931  0.28295931  0.28295931  0.28295931  0.28295931
   0.28295931  0.28295931]
 [ 0.28295931  0.28295931  0.28295931  0.28295931  0.28295931  0.28295931
   0.28295931  0.28295931]
 [ 0.28295931  0.28295931  0.28295931  0.28295931  0.28295931  0.28295931
   0.28295931  0.28295931]
 [ 0.28295931  0.28295931  0.28295931  0.28295931  0.28295931  0.28295931
   0.28295931  0.28295931]
 [ 0.28295931  0.28295931  0.28295931  0.28295931  0.28295931  0.28295931
   0.28295931  0.28295931]
 [ 0.28295931  0.28295931  0.28295931  0.28295931  0.28295931  0.28295931
   0.28295931  0.28295931]]