[[0.50746027 0.26525088 0.24659152 0.24659152 0.38424373 0.52710088
  0.72622457 1.01193885]
 [0.50746027 0.35615997 0.32602953 0.33229568 0.47515282 0.61800997
  0.76086711 1.01193885]
 [0.5899262  0.50784771 0.50784771 0.50784771 0.56606192 0.70891906
  0.8517762  1.01193885]
 [0.6896659  0.6896659  0.6896659  0.6896659  0.6896659  0.79982815
  0.94268529 1.08554244]
 [0.87148408 0.87148408 0.87148408 0.87148408 0.87148408 0.89073724
  1.03359438 1.17645153]
 [1.05330226 1.05330226 1.05330226 1.05330226 1.05330226 1.05330226
  1.12450347 1.26736062]
 [1.23512044 1.23512044 1.23512044 1.23512044 1.23512044 1.23512044
  1.23512044 1.35826971]
 [1.41693862 1.41693862 1.41693862 1.41693862 1.41693862 1.41693862
  1.41693862 1.4491788 ]
 [1.59875681 1.59875681 1.59875681 1.59875681 1.59875681 1.59875681
  1.59875681 1.59875681]
 [1.78057499 1.78057499 1.78057499 1.78057499 1.78057499 1.78057499
  1.78057499 1.78057499]
 [1.96239317 1.96239317 1.96239317 1.96239317 1.96239317 1.96239317
  1.96239317 1.96239317]
 [2.14421135 2.14421135 2.14421135 2.14421135 2.14421135 2.14421135
  2.14421135 2.14421135]]