[[3.70690742 3.13547885 2.56405028 2.28443915 2.28443915 2.36266834
  2.64838263 2.93409691]
 [3.05334012 2.77184249 2.20041392 1.92080279 1.92080279 2.18085016
  2.46656444 2.75227873]
 [2.32606739 2.32606739 1.83677755 1.55716642 1.71331769 1.99903198
  2.28474626 2.57046055]
 [1.59879467 1.59879467 1.47314119 1.24578522 1.53149951 1.81721379
  2.10292808 2.38864237]
 [1.02820176 1.02820176 1.02820176 1.09555227 1.34968133 1.63539561
  1.9211099  2.20682418]
 [0.71822113 0.6645654  0.79474264 1.08045693 1.16786315 1.45357743
  1.73929172 2.025006  ]
 [0.53640295 0.32721017 0.61292446 0.89863874 1.09555227 1.27175925
  1.55747353 1.84318782]
 [0.35458477 0.2769698  0.43110628 0.71682056 1.00253485 1.09555227
  1.37565535 1.66136964]
 [0.2769698  0.2769698  0.2769698  0.53500238 0.82071667 1.09555227
  1.19383717 1.47955146]
 [0.2769698  0.2769698  0.2769698  0.3531842  0.63889849 0.92461277
  1.09555227 1.29773328]
 [0.2769698  0.2769698  0.2769698  0.2769698  0.4570803  0.74279459
  1.02850887 1.11591509]
 [0.2769698  0.2769698  0.2769698  0.2769698  0.2769698  0.56097641
  0.84669069 1.09555227]]