[[0.84868391 0.84868391 0.84868391 0.84868391 0.84868391 1.30152582
  2.15866868 3.01581153]
 [0.84868391 0.84868391 0.84868391 0.84868391 0.84868391 1.11970764
  1.9768505  2.83399335]
 [0.84868391 0.84868391 0.84868391 0.84868391 0.84868391 0.93788946
  1.79503231 2.54515875]
 [0.84868391 0.84868391 0.84868391 0.84868391 0.84868391 0.84868391
  1.61009381 2.18152238]
 [0.84868391 0.84868391 0.84868391 0.84868391 0.84868391 0.84868391
  1.24645745 1.81788602]
 [0.84868391 0.84868391 0.84868391 0.84868391 0.84868391 0.84868391
  0.99591472 1.45424966]
 [0.84868391 0.84868391 0.84868391 0.84868391 0.84868391 0.84868391
  0.84868391 1.09981082]
 [0.90652024 0.90652024 0.90652024 0.90652024 0.84868391 0.84868391
  0.84868391 0.91799264]
 [1.27015661 1.27015661 1.27015661 1.21508824 0.92937395 0.84868391
  0.84868391 0.84868391]
 [1.96848085 1.96848085 1.96848085 1.49470774 1.11119213 0.84868391
  0.84868391 0.84868391]
 [2.69575357 2.69575357 2.42977268 1.8583441  1.29301031 1.00729603
  0.84868391 0.84868391]
 [3.4230263  3.36483761 2.79340904 2.22198047 1.6505519  1.18911421
  0.90339992 0.84868391]]