[[-2.91505601 -2.91505601 -2.91505601 -2.91505601 -2.91505601 -2.91505601
  -2.91505601 -2.91505601]
 [-2.73323783 -2.91505601 -2.91505601 -2.91505601 -2.91505601 -2.91505601
  -2.91505601 -3.09687419]
 [-2.55141965 -2.83713393 -2.91505601 -2.91505601 -2.91505601 -2.91505601
  -2.99297809 -3.27869237]
 [-2.36960146 -2.65531575 -2.91505601 -2.91505601 -2.91505601 -2.91505601
  -3.17479627 -3.46051056]
 [-2.18778328 -2.47349757 -2.75921185 -2.91505601 -2.91505601 -3.07090017
  -3.35661445 -3.64232874]
 [-2.0059651  -2.29167939 -2.57739367 -2.86310796 -2.96700406 -3.25271835
  -3.53843263 -3.82414692]
 [-1.82414692 -2.1098612  -2.39557549 -2.68128978 -3.14882224 -3.43453653
  -3.72025082 -4.0059651 ]
 [-1.64232874 -1.92804302 -2.21375731 -2.62934172 -3.2007703  -3.61635471
  -3.902069   -4.18778328]
 [-1.46051056 -1.74622484 -2.05791315 -2.62934172 -3.2007703  -3.77219887
  -4.08388718 -4.36960146]
 [-1.27869237 -1.56440666 -2.05791315 -2.62934172 -3.2007703  -3.77219887
  -4.26570536 -4.55141965]
 [-1.11412111 -1.48648458 -2.05791315 -2.62934172 -3.2007703  -3.77219887
  -4.34362744 -4.73323783]
 [-1.11412111 -1.48648458 -2.05791315 -2.62934172 -3.2007703  -3.77219887
  -4.34362744 -4.91505601]]