[[-0.23164723 -0.23164723 -0.23164723 -0.23164723 -0.23164723 -0.23164723
  -0.23164723 -0.23164723]
 [-0.23164723 -0.23164723 -0.23164723 -0.23164723 -0.23164723 -0.23164723
  -0.23164723 -0.23164723]
 [-0.23164723 -0.23164723 -0.23164723 -0.23164723 -0.23164723 -0.23164723
  -0.23164723 -0.23164723]
 [-0.23164723 -0.23164723 -0.23164723 -0.23164723 -0.23164723 -0.23164723
  -0.23164723 -0.23164723]
 [-0.23164723 -0.23164723 -0.23164723 -0.23164723 -0.23164723 -0.23164723
  -0.23164723 -0.23164723]
 [-0.23164723 -0.23164723 -0.23164723 -0.23164723 -0.23164723 -0.23164723
  -0.23164723 -0.23164723]
 [-0.23164723 -0.23164723 -0.23164723 -0.23164723 -0.23164723 -0.23164723
  -0.23164723 -0.31833351]
 [-0.23164723 -0.23164723 -0.23164723 -0.23164723 -0.23164723 -0.23164723
  -0.26638546 -0.4092426 ]
 [-0.23164723 -0.23164723 -0.23164723 -0.23164723 -0.23164723 -0.23164723
  -0.35729455 -0.50015169]
 [-0.23164723 -0.23164723 -0.23164723 -0.23164723 -0.23164723 -0.3053465
  -0.44820364 -0.59106078]
 [-0.23164723 -0.23164723 -0.23164723 -0.23164723 -0.25339844 -0.39625559
  -0.53911273 -0.68196987]
 [-0.23164723 -0.23164723 -0.23164723 -0.23164723 -0.34430754 -0.48716468
  -0.63002182 -0.77287896]]