[[3.3851868  2.81375823 2.24232966 1.68694665 1.0243198  0.71565002
  0.71565002 0.71565002]
 [3.74882316 3.17739459 2.60596602 2.03453745 1.41749358 0.81652759
  0.71565002 0.71565002]
 [4.11245953 3.54103095 2.96960238 2.39817381 1.82674524 1.18016396
  0.71565002 0.71565002]
 [4.47609589 3.90466732 3.33323875 2.76181017 2.1903816  1.65125981
  0.97237175 0.71565002]
 [4.83973225 4.26830368 3.69687511 3.12544654 2.55401797 1.9825894
  1.3395715  0.76457954]
 [5.20336862 4.63194005 4.06051147 3.4890829  2.91765433 2.34622576
  1.77479719 1.12821591]
 [5.56700498 4.99557641 4.42414784 3.85271927 3.28129069 2.70986212
  2.13843355 1.57333773]
 [5.93064134 5.35921277 4.7877842  4.21635563 3.64492706 3.07349849
  2.50206992 1.93064134]
 [6.29427771 5.72284914 5.15142056 4.57999199 4.00856342 3.43713485
  2.86570628 2.29427771]
 [6.65791407 6.0864855  5.51505693 4.94362836 4.37219979 3.80077121
  3.22934264 2.65791407]
 [7.02155043 6.45012186 5.87869329 5.30726472 4.73583615 4.16440758
  3.59297901 3.02155043]
 [7.3851868  6.81375823 6.24232966 5.67090108 5.09947251 4.52804394
  3.95661537 3.3851868 ]]