[[-0.90380313 -0.61808884 -0.33237455 -0.14685015 -0.14685015 -0.14685015
  -0.14685015 -0.14685015]
 [-0.90380313 -0.43627066 -0.15055637 -0.14685015 -0.14685015 -0.14685015
  -0.14685015 -0.14685015]
 [-0.90380313 -0.33237455 -0.14685015 -0.14685015 -0.14685015 -0.14685015
  -0.14685015 -0.14685015]
 [-0.90380313 -0.33237455 -0.14685015 -0.14685015 -0.14685015 -0.14685015
  -0.14685015 -0.14685015]
 [-0.90380313 -0.33237455 -0.14685015 -0.14685015 -0.14685015 -0.14685015
  -0.14685015 -0.14685015]
 [-0.90380313 -0.33237455 -0.14685015 -0.14685015 -0.14685015 -0.14685015
  -0.14685015 -0.14685015]
 [-0.90380313 -0.33237455 -0.14685015 -0.14685015 -0.14685015 -0.14685015
  -0.14685015 -0.14685015]
 [-0.90380313 -0.33237455 -0.14685015 -0.14685015 -0.14685015 -0.14685015
  -0.14685015 -0.14685015]
 [-0.90380313 -0.33237455 -0.14685015 -0.14685015 -0.14685015 -0.14685015
  -0.14685015 -0.14685015]
 [-0.90380313 -0.33237455 -0.14685015 -0.14685015 -0.14685015 -0.14685015
  -0.14685015 -0.14685015]
 [-0.90380313 -0.43627066 -0.15055637 -0.14685015 -0.14685015 -0.14685015
  -0.14685015 -0.14685015]
 [-0.90380313 -0.61808884 -0.33237455 -0.14685015 -0.14685015 -0.14685015
  -0.14685015 -0.14685015]]