[[-0.8302058  -0.8302058  -0.8302058  -0.8302058  -0.8302058  -0.8302058
  -0.8302058  -0.8302058 ]
 [-0.8302058  -0.8302058  -0.8302058  -0.8302058  -0.8302058  -0.8302058
  -0.8302058  -0.8302058 ]
 [-0.8302058  -0.8302058  -0.8302058  -0.8302058  -0.8302058  -0.8302058
  -0.8302058  -0.8302058 ]
 [-0.8302058  -0.8302058  -0.8302058  -0.8302058  -0.8302058  -0.8302058
  -0.8302058  -0.8302058 ]
 [-0.8302058  -0.8302058  -0.8302058  -0.8302058  -0.8302058  -0.8302058
  -0.8302058  -0.8302058 ]
 [-0.8302058  -0.8302058  -0.8302058  -0.8302058  -0.8302058  -0.8302058
  -0.8302058  -0.8302058 ]
 [-0.8302058  -0.8302058  -0.8302058  -0.8302058  -0.8302058  -0.8302058
  -0.8302058  -0.8302058 ]
 [-0.83775536 -0.8302058  -0.8302058  -0.8302058  -0.8302058  -0.8302058
  -0.8302058  -0.8302058 ]
 [-1.01957354 -0.8302058  -0.8302058  -0.8302058  -0.8302058  -0.8302058
  -0.8302058  -0.8302058 ]
 [-1.2469711  -0.91567744 -0.8302058  -0.8302058  -0.8302058  -0.8302058
  -0.8302058  -0.8302058 ]
 [-1.51969837 -1.09749562 -0.8302058  -0.8302058  -0.8302058  -0.8302058
  -0.8302058  -0.8302058 ]
 [-1.71069526 -1.36385422 -0.99359952 -0.8302058  -0.8302058  -0.8302058
  -0.8302058  -0.8302058 ]]