[[0.57473661 0.57473661 0.70061594 1.27204451 1.84347309 2.41490166
  2.98633023 3.5577588 ]
 [0.57473661 0.57473661 0.70061594 1.27204451 1.84347309 2.41490166
  2.98633023 3.5577588 ]
 [0.57473661 0.57473661 0.70061594 1.27204451 1.84347309 2.41490166
  2.98633023 3.5577588 ]
 [0.64866789 0.64866789 0.70061594 1.27204451 1.84347309 2.41490166
  2.98633023 3.5577588 ]
 [1.01230425 1.01230425 1.01230425 1.27204451 1.84347309 2.41490166
  2.98633023 3.5577588 ]
 [1.37594062 1.37594062 1.37594062 1.37594062 1.84347309 2.41490166
  2.98633023 3.5577588 ]
 [1.73957698 1.73957698 1.73957698 1.73957698 1.84347309 2.41490166
  2.98633023 3.5577588 ]
 [2.10321334 2.10321334 2.10321334 2.10321334 2.10321334 2.41490166
  2.98633023 3.5577588 ]
 [2.46684971 2.46684971 2.46684971 2.46684971 2.46684971 2.46684971
  2.98633023 3.5577588 ]
 [2.83048607 2.83048607 2.83048607 2.83048607 2.83048607 2.83048607
  2.98633023 3.5577588 ]
 [3.19412244 3.19412244 3.19412244 3.19412244 3.19412244 3.19412244
  3.19412244 3.5577588 ]
 [3.5577588  3.5577588  3.5577588  3.5577588  3.5577588  3.5577588
  3.5577588  3.5577588 ]]