[[ 0.58568333  0.44282619  0.29996905  0.1571119   0.06052835  0.05135862
  -0.09149853 -0.32173217]
 [ 0.67659242  0.53373528  0.39087814  0.248021    0.10516385 -0.03955048
  -0.18240762 -0.32526476]
 [ 0.76750151  0.62464437  0.48178723  0.33893009  0.14794217 -0.13045957
  -0.27331671 -0.41617385]
 [ 0.86846145  0.71555346  0.57269632  0.42983918  0.14794217 -0.13777211
  -0.3642258  -0.42759255]
 [ 1.05027963  0.80646255  0.66360541  0.43365646  0.14794217 -0.13777211
  -0.4234864  -0.42759255]
 [ 1.23209782  0.94638353  0.71937074  0.43365646  0.14794217 -0.13777211
  -0.4234864  -0.42759255]
 [ 1.413916    1.12820171  0.84248743  0.55677314  0.27105886 -0.01465543
  -0.30036972 -0.30447587]
 [ 1.59573418  1.31001989  1.02430561  0.73859132  0.45287704  0.16716275
  -0.11855153 -0.12265769]
 [ 1.77755236  1.49183808  1.20612379  0.9204095   0.63469522  0.34898093
   0.06326665  0.05916049]
 [ 1.95937054  1.67365626  1.38794197  1.10222769  0.8165134   0.53079911
   0.24508483  0.24097868]
 [ 2.14118873  1.85547444  1.56976015  1.28404587  0.99833158  0.7126173
   0.42690301  0.42279686]
 [ 2.32300691  2.03729262  1.75157834  1.46586405  1.18014976  0.89443548
   0.60872119  0.60461504]]