[[-1.70793618 -1.56507904 -1.28076912 -0.99505483 -0.70934054 -0.55133219
  -0.40847505 -0.25092038]
 [-1.79884528 -1.5664834  -1.28076912 -0.99505483 -0.70934054 -0.4604231
  -0.31756596 -0.17470881]
 [-1.85219769 -1.5664834  -1.28076912 -0.99505483 -0.70934054 -0.42362626
  -0.22665687 -0.12653487]
 [-1.85219769 -1.5664834  -1.28076912 -0.99505483 -0.70934054 -0.42362626
  -0.13791197 -0.12653487]
 [-1.85219769 -1.5664834  -1.28076912 -0.99505483 -0.70934054 -0.42362626
  -0.13791197 -0.12653487]
 [-1.85219769 -1.5664834  -1.28076912 -0.99505483 -0.70934054 -0.42362626
  -0.13791197 -0.12653487]
 [-1.85219769 -1.5664834  -1.28076912 -0.99505483 -0.70934054 -0.42362626
  -0.13791197 -0.12653487]
 [-1.85219769 -1.5664834  -1.28076912 -0.99505483 -0.70934054 -0.42362626
  -0.13791197 -0.12653487]
 [-1.85219769 -1.5664834  -1.28076912 -0.99505483 -0.70934054 -0.42362626
  -0.13791197 -0.12653487]
 [-1.85219769 -1.5664834  -1.28076912 -0.99505483 -0.70934054 -0.42362626
  -0.13791197 -0.12653487]
 [-1.85219769 -1.5664834  -1.28076912 -0.99505483 -0.70934054 -0.42362626
  -0.13791197 -0.12653487]
 [-1.85219769 -1.5664834  -1.28076912 -0.99505483 -0.70934054 -0.42362626
  -0.13791197 -0.12653487]]