[[ 0.75370059  0.75370059  0.75370059  0.75370059  0.63715196  0.35143767
   0.06572339 -0.2199909 ]
 [ 0.75370059  0.75370059  0.75370059  0.74104806  0.45533378  0.16961949
  -0.11609479 -0.03817272]
 [ 0.75370059  0.75370059  0.75370059  0.55922988  0.2735156  -0.01219869
  -0.14206882  0.14364547]
 [ 0.75370059  0.75370059  0.66312598  0.3774117   0.09169741 -0.19401687
   0.03974936  0.32546365]
 [ 0.75370059  0.75370059  0.4813078   0.19559352 -0.09012077 -0.06414674
   0.22156754  0.50728183]
 [ 0.75370059  0.58520391  0.29948962  0.01377534 -0.16804285  0.11767144
   0.40338573  0.68910001]
 [ 0.68910001  0.40338573  0.11767144 -0.16804285  0.01377534  0.29948962
   0.58520391  0.75370059]
 [ 0.50728183  0.22156754 -0.06414674 -0.09012077  0.19559352  0.4813078
   0.75370059  0.75370059]
 [ 0.32546365  0.03974936 -0.19401687  0.09169741  0.3774117   0.66312598
   0.75370059  0.75370059]
 [ 0.14364547 -0.14206882 -0.01219869  0.2735156   0.55922988  0.75370059
   0.75370059  0.75370059]
 [-0.03817272 -0.11609479  0.16961949  0.45533378  0.74104806  0.75370059
   0.75370059  0.75370059]
 [-0.2199909   0.06572339  0.35143767  0.63715196  0.75370059  0.75370059
   0.75370059  0.75370059]]