[[-2.13460515 -1.2774623  -0.42031944 -0.29636364 -0.29636364 -0.29636364
  -0.29636364 -0.29636364]
 [-2.2221577  -1.45928048 -0.60213762 -0.29636364 -0.29636364 -0.29636364
  -0.29636364 -0.49237414]
 [-2.14807074 -1.64109866 -0.7839558  -0.29636364 -0.29636364 -0.29636364
  -0.29636364 -0.8560105 ]
 [-1.96625256 -1.65072913 -0.96577398 -0.29636364 -0.29636364 -0.29636364
  -0.64821829 -1.16129156]
 [-1.78443437 -1.49872009 -1.07930055 -0.29636364 -0.29636364 -0.44042609
  -1.01185466 -1.34310974]
 [-1.60261619 -1.31690191 -1.03118762 -0.57098774 -0.29636364 -0.80406245
  -1.23921364 -1.52492793]
 [-1.42079801 -1.13508373 -0.84936944 -0.78841041 -0.66310214 -1.13531754
  -1.42103182 -1.70674611]
 [-1.23897983 -0.95326554 -0.84419358 -0.84419358 -1.30573969 -1.39037486
  -1.60285    -1.88856429]
 [-1.05716165 -0.84419358 -0.84419358 -1.09794748 -1.66937606 -2.11764759
  -2.11764759 -2.11764759]
 [-0.87534347 -0.84419358 -0.89015528 -1.46158385 -2.03301242 -2.60444099
  -2.84492032 -2.84492032]
 [-0.84419358 -0.84419358 -1.25379164 -1.82522021 -2.39664878 -2.96807735
  -3.53950593 -3.57219305]
 [-0.84419358 -1.04599943 -1.617428   -2.18885658 -2.76028515 -3.33171372
  -3.90314229 -4.29946577]]