[[0.49383221 0.49383221 0.49383221 0.49383221 0.49383221 0.49383221
  0.49383221 0.49383221]
 [0.49383221 0.49383221 0.49383221 0.49383221 0.49383221 0.49383221
  0.49383221 0.49383221]
 [0.49383221 0.49383221 0.49383221 0.49383221 0.49383221 0.49383221
  0.49383221 0.49383221]
 [0.49383221 0.49383221 0.49383221 0.49383221 0.49383221 0.49383221
  0.49383221 0.49383221]
 [0.49383221 0.49383221 0.49383221 0.49383221 0.49383221 0.49383221
  0.49383221 0.49383221]
 [0.49383221 0.49383221 0.49383221 0.49383221 0.49383221 0.49383221
  0.49383221 0.49383221]
 [0.49383221 0.49383221 0.49383221 0.49383221 0.49383221 0.49383221
  0.49383221 0.49383221]
 [0.49383221 0.49383221 0.49383221 0.49383221 0.49383221 0.49383221
  0.49383221 0.49383221]
 [0.49383221 0.49383221 0.49383221 0.49383221 0.49383221 0.49383221
  0.49383221 0.49383221]
 [0.49383221 0.49383221 0.49383221 0.49383221 0.49383221 0.49383221
  0.49383221 0.49383221]
 [0.49383221 0.49383221 0.49383221 0.49383221 0.49383221 0.49383221
  0.49383221 0.49383221]
 [0.49383221 0.49383221 0.49383221 0.49383221 0.49383221 0.49383221
  0.49383221 0.49383221]]