[[-0.81299262 -0.81299262 -0.81299262 -0.81299262 -0.81299262 -0.81299262
  -0.81299262 -0.81299262]
 [-0.0857199  -0.81299262 -0.81299262 -0.81299262 -0.81299262 -0.81299262
  -0.81299262 -0.81299262]
 [ 0.64155283 -0.50130431 -0.81299262 -0.81299262 -0.81299262 -0.81299262
  -0.81299262 -0.81299262]
 [ 1.03786653  0.22596842 -0.81299262 -0.81299262 -0.81299262 -0.81299262
  -0.81299262 -0.81299262]
 [ 1.40150289  0.83007432 -0.189616   -0.81299262 -0.81299262 -0.81299262
  -0.81299262 -0.81299262]
 [ 1.76513925  1.19371068  0.53765673 -0.60520042 -0.81299262 -0.81299262
  -0.81299262 -0.81299262]
 [ 2.12877562  1.55734704  0.98591847  0.12207231 -0.81299262 -0.81299262
  -0.81299262 -0.81299262]
 [ 2.49241198  1.92098341  1.34955484  0.77812627 -0.2935121  -0.81299262
  -0.81299262 -0.81299262]
 [ 2.85604834  2.28461977  1.7131912   1.14176263  0.43376062 -0.70909652
  -0.81299262 -0.81299262]
 [ 3.21968471  2.64825614  2.07682756  1.50539899  0.93397042  0.01817621
  -0.81299262 -0.81299262]
 [ 3.58332107  3.0118925   2.44046393  1.86903536  1.29760678  0.72617821
  -0.39740821 -0.81299262]
 [ 3.94695743  3.37552886  2.80410029  2.23267172  1.66124315  1.08981458
   0.32986452 -0.81299262]]