[[2.95656797 2.41816457 2.13245028 1.846736   1.56102171 1.27530742
  0.98959314 0.70387885]
 [2.5929316  2.23634638 1.9506321  1.66491781 1.37920353 1.09348924
  0.80777496 0.88569703]
 [2.22929524 1.89868405 1.76881392 1.48309963 1.19738535 0.91167106
  0.78180093 1.06751522]
 [1.86565888 1.3532295  1.58699574 1.30128145 1.01556716 0.72985288
  0.96361911 1.2493334 ]
 [1.50202251 0.93059394 1.09348924 1.11946327 0.83374898 0.85972301
  1.14543729 1.43115158]
 [1.4319807  0.57483784 0.5480347  0.83374898 0.7558269  1.04154119
  1.32725548 1.61296976]
 [1.61379888 0.75665602 0.27020067 0.28829444 0.93764509 1.22335937
  1.50907366 1.79478794]
 [1.79561706 0.9384742  0.27020067 0.27020067 0.85972301 1.40517755
  1.69089184 1.97660613]
 [1.97743524 1.12029238 0.31509758 0.27020067 0.67790483 1.53504768
  1.87271002 2.15842431]
 [2.15925342 1.30211057 0.86055212 0.57483784 0.51500952 1.3532295
  2.0545282  2.34024249]
 [2.3410716  1.69172095 1.40600667 1.12029238 0.87864589 1.45007446
  2.02855418 2.5929316 ]
 [2.52288979 2.2371755  1.95146121 1.66574693 1.38003264 1.81371082
  2.38513939 2.95656797]]