[[ 0.18028731 -0.24828412 -0.67685555 -1.10542697 -1.5339984  -1.96256983
  -2.39114126 -2.76987788]
 [ 0.33645466  0.02444316 -0.40412827 -0.8326997  -1.26127113 -1.68984256
  -2.11841399 -2.54698542]
 [ 0.33645466  0.29717043 -0.131401   -0.55997243 -0.98854386 -1.41711529
  -1.84568671 -2.27425814]
 [ 0.33645466  0.33645466  0.14132627 -0.28724516 -0.71581658 -1.14438801
  -1.57295944 -2.00153087]
 [ 0.33645466  0.33645466  0.33645466 -0.01451788 -0.44308931 -0.87166074
  -1.30023217 -1.7288036 ]
 [ 0.33645466  0.33645466  0.33645466  0.25820939 -0.17036204 -0.59893347
  -1.0275049  -1.45607632]
 [ 0.33645466  0.33645466  0.33645466  0.33645466  0.10236523 -0.32620619
  -0.75477762 -1.18334905]
 [ 0.33645466  0.33645466  0.33645466  0.33645466  0.33645466 -0.05347892
  -0.48205035 -0.91062178]
 [ 0.33645466  0.33645466  0.33645466  0.33645466  0.33645466  0.21924835
  -0.20932308 -0.63789451]
 [ 0.33645466  0.33645466  0.33645466  0.33645466  0.33645466  0.33645466
   0.06340419 -0.36516723]
 [ 0.33645466  0.33645466  0.33645466  0.33645466  0.33645466  0.33645466
   0.33613147 -0.09243996]
 [ 0.33645466  0.33645466  0.33645466  0.33645466  0.33645466  0.33645466
   0.33645466  0.18028731]]