[[-1.83435699 -1.80329291 -1.66043577 -1.51757862 -1.37472148 -1.23186434
  -1.20129597 -1.45278754]
 [-1.83435699 -1.83435699 -1.75134486 -1.60848772 -1.46563057 -1.36835748
  -1.47402324 -1.63460572]
 [-1.83435699 -1.83435699 -1.83435699 -1.69939681 -1.55653966 -1.60389337
  -1.74675052 -1.88960766]
 [-1.83435699 -1.83435699 -1.83435699 -1.7903059  -1.7337635  -1.87662065
  -2.01947779 -2.16233493]
 [-1.83435699 -1.83435699 -1.83435699 -1.89955107 -2.00649078 -2.14934792
  -2.29220506 -2.43506221]
 [-1.83435699 -1.83435699 -1.83435699 -2.13636091 -2.27921805 -2.42207519
  -2.56493234 -2.70778948]
 [-1.83435699 -1.83435699 -1.97747315 -2.40908818 -2.55194532 -2.69480247
  -2.83765961 -2.98051675]
 [-1.83435699 -1.87357705 -2.3186748  -2.68181545 -2.8246726  -2.96752974
  -3.11038688 -3.25324402]
 [-1.83435699 -2.11088259 -2.68231117 -2.95454273 -3.09739987 -3.24025701
  -3.38311415 -3.5259713 ]
 [-1.95149912 -2.47451896 -3.04594753 -3.22727    -3.37012714 -3.51298428
  -3.65584143 -3.79869857]
 [-2.26672675 -2.83815532 -3.35714013 -3.49999727 -3.64285441 -3.78571156
  -3.9285687  -4.07142584]
 [-2.63036311 -3.20179169 -3.6298674  -3.77272454 -3.91558169 -4.05843883
  -4.20129597 -4.34415311]]