[[5.54734069 5.54734069 5.54734069 5.54734069 5.54734069 5.54734069
  5.54734069 5.54734069]
 [5.18370433 4.82006797 4.82006797 4.82006797 4.82006797 4.82006797
  4.82006797 5.18370433]
 [4.82006797 4.24863939 4.09279524 4.09279524 4.09279524 4.09279524
  4.24863939 4.82006797]
 [4.4564316  3.88500303 3.36552251 3.36552251 3.36552251 3.36552251
  3.88500303 4.4564316 ]
 [4.09279524 3.52136667 2.9499381  2.63824978 2.63824978 2.9499381
  3.52136667 4.09279524]
 [3.72915888 3.1577303  2.58630173 2.01487316 2.01487316 2.58630173
  3.1577303  3.72915888]
 [3.36552251 2.79409394 2.22266537 1.6512368  1.6512368  2.22266537
  2.79409394 3.36552251]
 [3.00188615 2.43045758 1.85902901 1.54734069 1.54734069 1.85902901
  2.43045758 3.00188615]
 [2.63824978 2.06682121 1.54734069 1.54734069 1.54734069 1.54734069
  2.06682121 2.74579675]
 [2.27461342 1.70318485 1.54734069 1.54734069 1.54734069 1.54734069
  2.07047207 2.92761493]
 [1.91097706 1.54734069 1.54734069 1.54734069 1.54734069 1.78475779
  2.35618636 3.10943311]
 [1.54734069 1.54734069 1.54734069 1.54734069 1.57696558 2.14839415
  2.71982272 3.29125129]]