[[-2.34951442 -3.23521526 -4.03521025 -4.32092454 -4.60663882 -4.89235311
  -5.17806739 -5.46378168]
 [-1.98587806 -2.55730663 -3.48975571 -3.77546999 -4.06118428 -4.34689856
  -4.63261285 -4.91832713]
 [-1.77298308 -2.19367027 -2.92352695 -3.23001545 -3.51572973 -3.80144402
  -4.0871583  -4.39184771]
 [-1.77298308 -1.8300339  -2.40146248 -2.6845609  -2.97027519 -3.25598947
  -3.54170376 -4.02821134]
 [-1.77298308 -1.77298308 -2.03782611 -2.13910635 -2.42482064 -2.71053493
  -3.09314641 -3.55399302]
 [-1.77298308 -1.77298308 -1.77298308 -1.77417801 -1.87936609 -2.16508038
  -2.72282419 -3.00853847]
 [-1.77298308 -1.77298308 -1.6417565  -1.41054165 -1.41054165 -1.79444511
  -2.17736964 -2.46308393]
 [-1.77298308 -1.7456526  -1.45993832 -1.17422403 -1.11782846 -1.34620081
  -1.6319151  -1.91762938]
 [-1.77298308 -1.56383442 -1.27812013 -0.99240585 -0.95943291 -0.95529845
  -1.08646055 -1.37217484]
 [-1.66773052 -1.38201624 -1.09630195 -0.95943291 -0.7969029  -0.59166208
  -0.59166208 -0.82672029]
 [-1.48591234 -1.20019806 -0.95943291 -0.90079901 -0.61508472 -0.52078032
  -0.52078032 -0.52078032]
 [-1.30409416 -1.01837987 -0.95943291 -0.71898083 -0.52078032 -0.52078032
  -0.23928693 -0.23928693]]