[[-0.7023964  -0.7023964  -0.07770863  0.51574392  0.8014582   1.04348594
   1.04348594  1.04348594]
 [-0.7023964  -0.7023964  -0.25952682  0.52524003  0.98327638  1.04348594
   1.04348594  1.04348594]
 [-0.7023964  -0.7023964  -0.441345    0.41579786  0.97505997  1.04348594
   1.04348594  1.04348594]
 [-0.7023964  -0.7023964  -0.62316318  0.21626715  0.78769572  1.04348594
   1.04348594  1.04348594]
 [-0.7023964  -0.7023964  -0.7023964  -0.14736921  0.42405936  0.89713789
   1.04348594  1.04348594]
 [-0.7023964  -0.7023964  -0.7023964  -0.51100557  0.060423    0.63185157
   1.001034    1.04348594]
 [-0.7023964  -0.7023964  -0.7023964  -0.7023964  -0.30321337  0.2682152
   0.81921582  1.04348594]
 [-0.7023964  -0.7023964  -0.7023964  -0.7023964  -0.66684973 -0.09542116
   0.47600741  0.92311192]
 [-0.7023964  -0.7023964  -0.7023964  -0.7023964  -0.7023964  -0.45905752
   0.11237105  0.68379962]
 [-0.7023964  -0.7023964  -0.7023964  -0.7023964  -0.7023964  -0.7023964
  -0.25126531  0.32016326]
 [-0.7023964  -0.7023964  -0.7023964  -0.7023964  -0.7023964  -0.7023964
  -0.61490168 -0.04347311]
 [-0.7023964  -0.7023964  -0.7023964  -0.7023964  -0.7023964  -0.7023964
  -0.7023964  -0.40710947]]