[[-2.00296259 -2.14581974 -2.18359206 -2.18359206 -2.18359206 -2.22614793
  -2.36900507 -2.51186222]
 [-2.09387168 -2.23672883 -2.36541024 -2.36541024 -2.36541024 -2.36541024
  -2.45991416 -2.60277131]
 [-2.18478078 -2.32763792 -2.47049506 -2.54722842 -2.54722842 -2.54722842
  -2.55082326 -2.6936804 ]
 [-2.27568987 -2.41854701 -2.56140415 -2.70426129 -2.72904661 -2.72904661
  -2.72904661 -2.78458949]
 [-2.36659896 -2.5094561  -2.65231324 -2.79517039 -2.91086479 -2.91086479
  -2.91086479 -2.91086479]
 [-2.45750805 -2.60036519 -2.74322233 -2.88607948 -3.02893662 -3.09268297
  -3.09268297 -3.09268297]
 [-2.48376708 -2.69127428 -2.83413142 -2.97698857 -3.11984571 -3.26270285
  -3.27450115 -3.27450115]
 [-2.48376708 -2.76948136 -2.92504052 -3.06789766 -3.2107548  -3.35361194
  -3.45631933 -3.45631933]
 [-2.48376708 -2.76948136 -3.01594961 -3.15880675 -3.30166389 -3.44452103
  -3.58737818 -3.63813751]
 [-2.48376708 -2.76948136 -3.05519565 -3.24971584 -3.39257298 -3.53543013
  -3.67828727 -3.8199557 ]
 [-2.48376708 -2.76948136 -3.05519565 -3.34062493 -3.48348207 -3.62633922
  -3.76919636 -3.9120535 ]
 [-2.48376708 -2.76948136 -3.05519565 -3.34090994 -3.57439116 -3.71724831
  -3.86010545 -4.00296259]]