[[-0.73503102 -0.73503102 -0.73503102 -0.73503102 -0.73503102 -0.73503102
  -0.73503102 -0.73503102]
 [-0.73503102 -0.73503102 -0.73503102 -0.73503102 -0.73503102 -0.73503102
  -0.73503102 -0.73503102]
 [-0.73503102 -0.73503102 -0.73503102 -0.73503102 -0.73503102 -0.73503102
  -0.73503102 -0.73503102]
 [-0.73503102 -0.73503102 -0.73503102 -0.73503102 -0.73503102 -0.73503102
  -0.73503102 -0.73503102]
 [-0.73503102 -0.73503102 -0.73503102 -0.73503102 -0.73503102 -0.73503102
  -0.73503102 -0.73503102]
 [-0.73503102 -0.73503102 -0.73503102 -0.73503102 -0.73503102 -0.73503102
  -0.73503102 -0.73503102]
 [-0.73503102 -0.73503102 -0.73503102 -0.73503102 -0.73503102 -0.73503102
  -0.73503102 -0.73503102]
 [-0.73503102 -0.73503102 -0.73503102 -0.73503102 -0.73503102 -0.73503102
  -0.73503102 -0.73503102]
 [-0.73503102 -0.73503102 -0.73503102 -0.73503102 -0.73503102 -0.73503102
  -0.73503102 -1.08600443]
 [-0.73503102 -0.73503102 -0.73503102 -0.73503102 -0.73503102 -0.73503102
  -0.87821223 -1.4496408 ]
 [-0.73503102 -0.73503102 -0.73503102 -0.73503102 -0.73503102 -0.73503102
  -0.82626417 -1.81327716]
 [-0.73503102 -0.73503102 -0.73503102 -0.73503102 -0.73503102 -0.73503102
  -0.73503102 -2.17691353]]