[[ 0.62319722  0.9089115   0.91913626  0.91913626  0.91913626  0.91913626
   0.62822622  0.02249047]
 [ 0.8050154   0.91913626  0.94145798  1.22717226  1.17802472  0.91913626
   0.62822622 -0.15932772]
 [ 0.91913626  0.91913626  1.12327616  1.40899044  1.33609737  0.91913626
   0.51599696 -0.3411459 ]
 [ 0.91913626  1.01938005  1.30509434  1.44162466  1.23606094  0.91913626
   0.33417878 -0.52296408]
 [ 0.91913626  1.20119824  1.44162466  1.33995705  1.05424276  0.91913626
   0.1523606  -0.70478226]
 [ 1.09730213  1.38301642  1.44162466  1.15813886  0.91913626  0.64972676
  -0.02945759 -0.88660044]
 [ 1.27912031  1.44162466  1.26203497  0.97632068  0.85751897  0.2860904
  -0.28533817 -1.06841862]
 [ 1.44162466  1.36593107  1.08021679  0.91913626  0.49388261 -0.07754596
  -0.64897453 -1.25023681]
 [ 1.44162466  1.18411289  0.91913626  0.70167482  0.13024624 -0.44118233
  -1.0126109  -1.58403947]
 [ 1.28800899  1.00229471  0.90946702  0.33803845 -0.23339012 -0.80481869
  -1.37624726 -1.94767583]
 [ 1.10619081  0.91913626  0.54583066 -0.02559791 -0.59702648 -1.16845505
  -1.73988363 -2.3113122 ]
 [ 0.91913626  0.75362287  0.1821943  -0.38923427 -0.96066285 -1.53209142
  -2.10351999 -2.67494856]]