[[0.77410709 0.77410709 0.77410709 0.77410709 0.77410709 0.77161621
  0.59447867 0.59447867]
 [0.77410709 0.77410709 0.77410709 0.77410709 0.77410709 0.77410709
  0.77629685 0.77629685]
 [0.77410709 0.77410709 0.77410709 0.77410709 0.77410709 0.77754229
  0.92039943 0.95811504]
 [0.77410709 0.77410709 0.77410709 0.77410709 0.77410709 0.86845138
  1.01130853 1.13993322]
 [0.77410709 0.77410709 0.77410709 0.77410709 0.81650333 0.95936047
  1.10221762 1.24507476]
 [0.77410709 0.77410709 0.77410709 0.77410709 0.90741242 1.05026956
  1.19312671 1.33598385]
 [0.77410709 0.77410709 0.77410709 0.85546437 0.99832151 1.14117866
  1.2840358  1.42689294]
 [0.77410709 0.77410709 0.77410709 0.94637346 1.0892306  1.23208775
  1.37494489 1.51780203]
 [0.77410709 0.77410709 0.83621337 0.97907051 1.18013969 1.32299684
  1.46585398 1.60871112]
 [0.77410709 0.78426532 0.92712246 1.0699796  1.24699888 1.41390593
  1.55676307 1.69962021]
 [0.77410709 0.87517441 1.01803155 1.1608887  1.30374584 1.50481502
  1.64767216 1.79052931]
 [0.82322636 0.9660835  1.10894064 1.25179779 1.39465493 1.53751207
  1.73858125 1.8814384 ]]