[[ 0.04283235  0.11109187  0.11109187  0.11109187  0.11109187  0.11109187
   0.11109187  0.11109187]
 [-0.13898583  0.11109187  0.11109187  0.11109187  0.11109187  0.11109187
   0.11109187  0.11109187]
 [-0.24540866 -0.03508973  0.11109187  0.11109187  0.11109187  0.11109187
   0.11109187  0.11109187]
 [-0.24540866 -0.21690791  0.06880638  0.11109187  0.11109187  0.11109187
   0.11109187  0.11109187]
 [-0.24540866 -0.24540866 -0.1130118   0.11109187  0.11109187  0.11109187
   0.11109187  0.11109187]
 [-0.36250525 -0.24540866 -0.24540866 -0.0091157   0.11109187  0.11109187
   0.11109187  0.11109187]
 [-0.54432343 -0.25860915 -0.24540866 -0.07705743  0.11109187  0.11109187
   0.11109187  0.11109187]
 [-0.72614162 -0.44042733 -0.23542831  0.11109187  0.11109187  0.11109187
   0.11109187  0.11109187]
 [-0.9079598  -0.62224551 -0.07240765  0.11109187  0.11109187  0.11109187
   0.11109187  0.11109187]
 [-1.08977798 -0.71616127  0.10941053  0.11109187  0.11109187  0.11109187
   0.11109187  0.11109187]
 [-1.27159616 -0.56591415  0.11109187  0.11109187  0.11109187  0.11109187
   0.11109187  0.11109187]
 [-1.24123882 -0.38409596  0.11109187  0.11109187  0.11109187  0.11109187
   0.11109187  0.11109187]]