[[ 0.05815683  0.05815683  0.05815683 -0.01996566 -0.1628228  -0.30567994
  -0.36018312 -0.36018312]
 [ 0.05815683  0.05815683  0.0319824  -0.11087475 -0.25373189 -0.36018312
  -0.36018312 -0.36018312]
 [ 0.05815683  0.05815683 -0.05892669 -0.20178384 -0.34464098 -0.36018312
  -0.36018312 -0.36018312]
 [ 0.05815683 -0.00697864 -0.14983579 -0.29269293 -0.36018312 -0.36018312
  -0.36018312 -0.36018312]
 [ 0.04496941 -0.09788773 -0.24074488 -0.36018312 -0.36018312 -0.36018312
  -0.36018312 -0.36018312]
 [-0.04593968 -0.18879682 -0.33165397 -0.36018312 -0.36018312 -0.36018312
  -0.36018312 -0.36018312]
 [-0.13684877 -0.27970592 -0.36018312 -0.36018312 -0.36018312 -0.36018312
  -0.36018312 -0.36018312]
 [-0.22775786 -0.36018312 -0.36018312 -0.36018312 -0.36018312 -0.36018312
  -0.36018312 -0.36018312]
 [-0.31866695 -0.36018312 -0.36018312 -0.36018312 -0.36018312 -0.36018312
  -0.36018312 -0.36018312]
 [-0.36018312 -0.36018312 -0.36018312 -0.36018312 -0.36018312 -0.36018312
  -0.36018312 -0.36018312]
 [-0.36018312 -0.36018312 -0.36018312 -0.36018312 -0.36018312 -0.36018312
  -0.36018312 -0.36018312]
 [-0.36018312 -0.36018312 -0.36018312 -0.36018312 -0.36018312 -0.36018312
  -0.36018312 -0.36018312]]