[[2.78954392 2.21811535 1.82974954 1.78525481 1.78525481 2.18563983
  2.5915871  3.16301567]
 [2.42590756 1.93364565 1.64793136 1.42161845 1.71810736 2.00382165
  2.28953593 2.79937931]
 [2.0622712  1.75182747 1.46611318 1.27536686 1.53628918 1.82200347
  2.10771775 2.43574295]
 [1.85572357 1.57000928 1.284295   1.37299171 1.37299171 1.64018529
  1.92589957 2.21161386]
 [1.67390539 1.3881911  1.35328894 1.37299171 1.37299171 1.4583671
  1.74408139 2.02979567]
 [1.49208721 1.25192846 1.37299171 1.37299171 1.37299171 1.37299171
  1.56226321 1.84797749]
 [1.31026902 1.37299171 1.37299171 1.37299171 1.37299171 1.37299171
  1.38044503 1.66615931]
 [1.32731491 1.37299171 1.37299171 1.37299171 1.37299171 1.37299171
  1.37299171 1.48434113]
 [1.37299171 1.37299171 1.37299171 1.37299171 1.37299171 1.37299171
  1.37299171 1.37299171]
 [1.37299171 1.37299171 1.37299171 1.37299171 1.37299171 1.37299171
  1.37299171 1.37299171]
 [1.37299171 1.37299171 1.37299171 1.37299171 1.37299171 1.37299171
  1.37299171 1.37299171]
 [1.37299171 1.37299171 1.37299171 1.37299171 1.37299171 1.37299171
  1.37299171 1.37299171]]