[[ 1.71412207e+00  1.42840778e+00  1.14269350e+00  8.56979210e-01
   5.71264924e-01  2.85550638e-01 -1.63647588e-04 -2.01232748e-01]
 [ 1.53230388e+00  1.24658960e+00  9.60875313e-01  6.75161028e-01
   3.89446742e-01  1.03732456e-01 -1.81981829e-01 -2.01232748e-01]
 [ 1.35048570e+00  1.06477142e+00  7.79057132e-01  4.93342846e-01
   2.07628560e-01 -7.80857255e-02 -2.01232748e-01 -2.01232748e-01]
 [ 1.16866752e+00  8.82953236e-01  5.97238950e-01  3.11524664e-01
   2.58103784e-02 -2.01232748e-01 -2.01232748e-01 -2.01232748e-01]
 [ 9.86849339e-01  7.01135054e-01  4.15420768e-01  1.29706482e-01
  -1.56007803e-01 -2.01232748e-01 -2.01232748e-01 -3.34384407e-01]
 [ 8.05031158e-01  5.19316872e-01  2.33602586e-01 -5.21116995e-02
  -2.01232748e-01 -2.01232748e-01 -2.01232748e-01 -5.68049812e-01]
 [ 6.23212976e-01  3.37498690e-01  5.17844044e-02 -2.01232748e-01
  -2.01232748e-01 -2.01232748e-01 -4.90228562e-01 -9.31686176e-01]
 [ 4.41394794e-01  1.55680508e-01 -1.30033777e-01 -2.01232748e-01
  -2.01232748e-01 -2.82436355e-01 -7.23893968e-01 -1.29532254e+00]
 [ 2.59576612e-01 -2.61376736e-02 -2.01232748e-01 -2.01232748e-01
  -2.01232748e-01 -5.61672847e-01 -1.08753033e+00 -1.65895890e+00]
 [ 7.77584303e-02 -2.01232748e-01 -2.01232748e-01 -2.01232748e-01
  -4.38280510e-01 -8.79738124e-01 -1.45116670e+00 -1.95519659e+00]
 [-1.04059751e-01 -2.01232748e-01 -2.01232748e-01 -2.30488303e-01
  -6.71945916e-01 -1.24337449e+00 -1.81480306e+00 -2.13701477e+00]
 [-2.01232748e-01 -2.01232748e-01 -2.01232748e-01 -5.61672847e-01
  -1.03558228e+00 -1.60701085e+00 -2.03311867e+00 -2.31883296e+00]]