[[-2.60231094 -2.03088237 -1.4594538  -0.88802523 -0.31659665  0.18259828
   0.18259828 -0.324456  ]
 [-2.23867458 -1.667246   -1.09581743 -0.52438886  0.04703971  0.18259828
  -0.1166638  -0.5754222 ]
 [-1.87503821 -1.30360964 -0.73218107 -0.1607525   0.18259828  0.09112841
  -0.48030016 -0.5754222 ]
 [-1.51140185 -0.93997328 -0.36854471  0.18259828  0.18259828 -0.27250795
  -0.5754222  -0.5754222 ]
 [-1.45790687 -0.8864783  -0.31504972  0.06441787 -0.06471574 -0.5754222
  -0.5754222  -0.5754222 ]
 [-1.45790687 -0.8864783  -0.40311459 -0.13716122 -0.42835211 -0.5754222
  -0.5754222  -0.5754222 ]
 [-1.45790687 -0.8864783  -0.58493278 -0.50079758 -0.5754222  -0.5754222
  -0.5754222  -0.5754222 ]
 [-1.45790687 -1.05246524 -0.86443394 -0.86004691 -0.5754222  -0.5754222
  -0.5754222  -0.5754222 ]
 [-1.51999771 -1.23428343 -1.22807031 -1.04186509 -0.75615081 -0.5754222
  -0.5754222  -0.5754222 ]
 [-1.70181589 -1.59170667 -1.50939756 -1.22368327 -0.93796899 -0.6522547
  -0.5754222  -0.5754222 ]
 [-1.95534303 -1.95534303 -1.69121574 -1.40550146 -1.11978717 -0.83407288
  -0.5754222  -0.5754222 ]
 [-2.3189794  -2.15874821 -1.87303392 -1.58731964 -1.30160535 -1.01589107
  -0.73017678 -0.5754222 ]]