[[-0.29179277 -0.29179277 -0.29179277 -0.55547852 -0.84119281 -1.1269071
  -1.41262138 -1.69833567]
 [-0.29179277 -0.29179277 -0.45158242 -0.73729671 -1.02301099 -1.30872528
  -1.59443956 -1.88015385]
 [-0.29179277 -0.34768632 -0.6334006  -0.91911489 -1.20482917 -1.49054346
  -1.77625775 -2.06197203]
 [-0.29179277 -0.5295045  -0.81521878 -1.10093307 -1.38664736 -1.67236164
  -1.95807593 -2.24379021]
 [-0.42560839 -0.71132268 -0.99703697 -1.28275125 -1.56846554 -1.85417982
  -2.13989411 -2.42560839]
 [-0.60742658 -0.89314086 -1.17885515 -1.46456943 -1.75028372 -2.035998
  -2.32171229 -2.60742658]
 [-0.83793346 -1.07495904 -1.36067333 -1.64638762 -1.9321019  -2.21781619
  -2.50353047 -2.78924476]
 [-1.11066073 -1.25677723 -1.54249151 -1.8282058  -2.11392008 -2.39963437
  -2.68534865 -2.97106294]
 [-1.383388   -1.52624514 -1.72430969 -2.01002398 -2.29573826 -2.58145255
  -2.86716684 -3.15288112]
 [-1.65611527 -1.79897242 -1.94182956 -2.19184216 -2.47755645 -2.76327073
  -3.04898502 -3.3346993 ]
 [-1.92884255 -2.07169969 -2.21455683 -2.37366034 -2.65937463 -2.94508891
  -3.2308032  -3.51651749]
 [-2.20156982 -2.34442696 -2.48728411 -2.63014125 -2.84119281 -3.1269071
  -3.41262138 -3.69833567]]